Head:0.8644438,1.512229,0.7752373|0.1861919,-0.7611028,0.1039904,0.6125693
Left:0.7031857,1.238423,0.5751753|-0.524955,-0.1453763,-0.3368913,0.7679794
Right:0.6482086,1.211342,0.7829218|-0.1968112,-0.8386231,-0.5060383,0.04361149
Head:0.5202104,1.361722,0.4930017|0.3087016,-0.7757524,0.04525888,0.5485099
Left:0.5582237,1.226568,0.2548513|-0.5652519,-0.09674748,-0.2245279,0.7878562
Right:0.3812822,1.163569,0.4899242|0.1254404,0.846687,0.5036989,0.1169327
Head:0.5217939,1.363105,0.4979844|0.3080855,-0.7741923,0.04476561,0.5510951
Left:0.5508251,1.235478,0.2613053|-0.5659267,-0.07877358,-0.2272304,0.7885989
Right:0.3891684,1.17086,0.4976807|0.1342103,0.8416634,0.5104491,0.1141582
Head:0.5241081,1.364513,0.5030105|0.3075731,-0.7724182,0.04465472,0.5538726
Left:0.5455337,1.245299,0.2683482|-0.5675068,-0.06028197,-0.2305905,0.7881181
Right:0.3974807,1.178364,0.5041747|0.1492792,0.8388786,0.5113279,0.1119925
Head:0.5267031,1.366124,0.5082939|0.3078699,-0.7699001,0.04557124,0.5571294
Left:0.5395752,1.255041,0.2749836|-0.5669697,-0.04212487,-0.2344327,0.7885507
Right:0.4054245,1.185818,0.5110996|0.160589,0.8349848,0.5148033,0.1094947
Head:0.5293974,1.367692,0.5137148|0.3080232,-0.7674251,0.04682777,0.5603459
Left:0.5361235,1.265642,0.2839544|-0.5667578,-0.02761252,-0.242399,0.7869345
Right:0.4126959,1.194081,0.5174973|0.1700152,0.8306659,0.5186582,0.1099207
Head:0.5325713,1.369641,0.5193336|0.3078149,-0.7647275,0.04847221,0.5639967
Left:0.5331504,1.275625,0.292459|-0.565192,-0.01475777,-0.2497617,0.7861038
Right:0.4193725,1.203571,0.524163|0.1744154,0.8242297,0.5279521,0.1071978
Head:0.535798,1.371749,0.5248058|0.3069686,-0.7619808,0.04997576,0.56803
Left:0.5297743,1.28561,0.3010426|-0.562773,-0.000878143,-0.2563483,0.7858571
Right:0.4260187,1.21298,0.5311391|0.1770772,0.8168211,0.5392615,0.1031696
Head:0.5390056,1.373929,0.5305672|0.3056761,-0.759622,0.05095336,0.571787
Left:0.5282283,1.294642,0.3099245|-0.5599651,0.01296146,-0.2611756,0.7861669
Right:0.4318097,1.223099,0.5379472|0.1729342,0.8064374,0.5565813,0.09984811
Head:0.5424525,1.376726,0.5361652|0.3033264,-0.7577349,0.05200081,0.5754363
Left:0.5276881,1.303347,0.3185863|-0.5578616,0.02774838,-0.2632037,0.786603
Right:0.4381939,1.232055,0.5442891|0.1736252,0.7988344,0.5675651,0.09791736
Head:0.5459547,1.379547,0.541671|0.3012335,-0.7563302,0.05278875,0.5783049
Left:0.5272335,1.311754,0.3268242|-0.5560333,0.04322931,-0.2655163,0.7864219
Right:0.4450067,1.24071,0.5500493|0.1771516,0.7932663,0.5736813,0.1011714
Head:0.5496743,1.382546,0.5471885|0.2990192,-0.7553186,0.05369519,0.5806876
Left:0.5281973,1.319413,0.3344985|-0.5565928,0.05573239,-0.2668045,0.7848017
Right:0.4529935,1.247401,0.5532861|0.1866093,0.7931347,0.56969,0.1075524
Head:0.5536163,1.385512,0.5527809|0.2969011,-0.754602,0.05418533,0.5826573
Left:0.5292318,1.326516,0.3416274|-0.5592513,0.06337298,-0.2689781,0.7815834
Right:0.460589,1.254076,0.5575001|0.194413,0.7911837,0.5691268,0.1110259
Head:0.5575661,1.388562,0.5585229|0.2951632,-0.7539403,0.05452151,0.584363
Left:0.5306413,1.332557,0.3486344|-0.5629251,0.06793007,-0.2741116,0.7767649
Right:0.4678388,1.260259,0.561599|0.2020734,0.7896962,0.5679092,0.1141293
Head:0.5615998,1.391685,0.5640838|0.293189,-0.7530628,0.05463209,0.5864743
Left:0.5326664,1.338143,0.3544526|-0.5673766,0.06967323,-0.2795884,0.7714012
Right:0.4744941,1.265025,0.5654337|0.2088937,0.7885166,0.5666471,0.1162592
Head:0.5656981,1.394539,0.5698721|0.29111,-0.7523775,0.05388191,0.5884556
Left:0.5337481,1.343114,0.360661|-0.5702928,0.07206009,-0.2830865,0.767747
Right:0.4808115,1.270214,0.5701106|0.2136586,0.785825,0.5683604,0.1174543
Head:0.5697272,1.397351,0.5756691|0.2893082,-0.7516321,0.053032,0.5903708
Left:0.5366548,1.346122,0.3667481|-0.5717802,0.07159263,-0.2860278,0.7655913
Right:0.4861144,1.27438,0.5751998|0.2165351,0.7817542,0.5731141,0.1162465
Head:0.5738484,1.400084,0.5814574|0.2873234,-0.7512552,0.05200969,0.5919086
Left:0.5397313,1.349384,0.3726399|-0.5722913,0.07291535,-0.2887599,0.7640574
Right:0.4907447,1.278066,0.5808856|0.2167432,0.7774826,0.57943,0.1131552
Head:0.5780762,1.402614,0.5873151|0.2855104,-0.7514625,0.05084078,0.5926239
Left:0.5446606,1.34937,0.3778627|-0.5716497,0.07586407,-0.2874594,0.7647407
Right:0.4950999,1.280751,0.5868146|0.2154407,0.7734361,0.5859498,0.1097483
Head:0.5821334,1.404975,0.5929792|0.2837547,-0.7519377,0.0498975,0.5929444
Left:0.5489893,1.350215,0.3837068|-0.5728804,0.07873067,-0.2862773,0.7639731
Right:0.4988055,1.282689,0.5927956|0.2142332,0.7709846,0.5901902,0.1065946
Head:0.5861074,1.407077,0.5986903|0.2822773,-0.7527606,0.04882172,0.592695
Left:0.5534561,1.349629,0.3884156|-0.576116,0.07917874,-0.2810356,0.7634397
Right:0.5029872,1.283193,0.5979714|0.2137959,0.7708709,0.5907602,0.1051275
Head:0.5898741,1.408965,0.6043422|0.280993,-0.7535841,0.04774018,0.5923468
Left:0.5571568,1.34824,0.3923838|-0.5814754,0.077319,-0.274907,0.7617968
Right:0.5068383,1.283816,0.6030724|0.2132171,0.7716382,0.5901383,0.1041626
Head:0.5935977,1.410407,0.6098526|0.2798589,-0.7543986,0.04656059,0.5919409
Left:0.5611407,1.34537,0.3962238|-0.5867364,0.07334965,-0.2706566,0.7596744
Right:0.5108691,1.28271,0.6072857|0.2117148,0.7747614,0.5866586,0.1036981
Head:0.5973609,1.411717,0.6154854|0.2789285,-0.7547222,0.04521498,0.5920717
Left:0.5646656,1.342068,0.3997061|-0.5904733,0.06710307,-0.2675985,0.7584388
Right:0.5148616,1.280993,0.611644|0.2113254,0.7770575,0.5839648,0.1025099
Head:0.6010142,1.412184,0.6209836|0.2782859,-0.7545463,0.04354387,0.5927232
Left:0.5676025,1.338611,0.4036109|-0.5929295,0.06016048,-0.2651554,0.7579629
Right:0.5185451,1.279563,0.6161919|0.2129192,0.7777727,0.5829036,0.09979265
Head:0.604522,1.412389,0.626374|0.2779373,-0.754004,0.04191769,0.5936934
Left:0.5710816,1.332663,0.4077885|-0.5928349,0.05019354,-0.2639379,0.7591866
Right:0.5226937,1.276465,0.6211028|0.2179358,0.7758357,0.5845814,0.09406099
Head:0.6080006,1.412364,0.6316805|0.2775791,-0.7533939,0.03987451,0.5947752
Left:0.5747644,1.326595,0.411875|-0.5904292,0.04192182,-0.2622355,0.7621473
Right:0.5267062,1.274351,0.6259525|0.2168923,0.7754541,0.5861085,0.09003013
Head:0.6113781,1.411553,0.6366627|0.277285,-0.7525678,0.03740564,0.5961171
Left:0.5788681,1.319914,0.4159856|-0.5874416,0.03708266,-0.2584588,0.7659872
Right:0.5306591,1.271568,0.6308434|0.211759,0.7749328,0.5892465,0.08617367
Head:0.6147402,1.410169,0.6413581|0.2774984,-0.7514833,0.0349119,0.5975356
Left:0.5841841,1.312273,0.4203031|-0.58538,0.03384558,-0.2531846,0.7694689
Right:0.5350242,1.268708,0.6359921|0.2088262,0.7738494,0.5921325,0.08323403
Head:0.6180203,1.408448,0.6461987|0.2780901,-0.7505071,0.0327161,0.5986106
Left:0.5888921,1.30561,0.4243352|-0.5842909,0.02995838,-0.2474538,0.7723168
Right:0.5393988,1.265062,0.6408279|0.2029316,0.7736267,0.5947053,0.0815239
Head:0.6214435,1.405847,0.6504362|0.2780772,-0.7496928,0.03093272,0.5997308
Left:0.5943382,1.298625,0.4276321|-0.5850862,0.02523256,-0.2410611,0.7739038
Right:0.5442894,1.261375,0.6450169|0.1970331,0.7742395,0.5960006,0.08071131
Head:0.6247441,1.402983,0.6544235|0.2779514,-0.7491892,0.02964902,0.6004828
Left:0.600009,1.291294,0.4308577|-0.5867795,0.02037999,-0.2368125,0.7740765
Right:0.5490749,1.257479,0.6489203|0.1935644,0.7750209,0.5962205,0.07997926
Head:0.6279963,1.399621,0.6582458|0.277728,-0.7489046,0.02837931,0.6010022
Left:0.6058312,1.284517,0.4332614|-0.5884141,0.01495087,-0.2346295,0.7736242
Right:0.5538769,1.253504,0.652087|0.1926751,0.7762225,0.5950465,0.07921296
Head:0.6311647,1.395693,0.6617248|0.2778714,-0.7483909,0.02728278,0.6016263
Left:0.6110094,1.277138,0.4358704|-0.5888751,0.007403139,-0.2327244,0.7739578
Right:0.5585638,1.249428,0.6553462|0.1934522,0.7767081,0.594288,0.07824641
Head:0.6341628,1.391723,0.6649249|0.2789213,-0.7474759,0.0261095,0.6023298
Left:0.6163443,1.269264,0.4381087|-0.5886006,0.0001614839,-0.2308069,0.7747758
Right:0.5632903,1.244779,0.6578302|0.1984596,0.7764918,0.5931187,0.07671198
Head:0.6370432,1.387449,0.668108|0.2812102,-0.74577,0.02524909,0.6034157
Left:0.6217993,1.261446,0.4401152|-0.5869088,-0.005732433,-0.2288623,0.7766127
Right:0.5676953,1.240119,0.660198|0.201043,0.7768138,0.592057,0.0749047
Head:0.6397731,1.383231,0.6710677|0.2836574,-0.7438463,0.02508835,0.6046501
