Head:0.8644438,1.512229,0.7752373|0.1861919,-0.7611028,0.1039904,0.6125693
Left:0.7031857,1.238423,0.5751753|-0.524955,-0.1453763,-0.3368913,0.7679794
Right:0.6482086,1.211342,0.7829218|-0.1968112,-0.8386231,-0.5060383,0.04361149
Head:0.5075755,1.25042,0.6431816|0.4050964,-0.7477702,-0.01287769,0.5259001
Left:0.5492571,1.129539,0.3945749|-0.1090707,-0.2370756,-0.2815009,0.9233938
Right:0.3976421,1.150439,0.5933006|-0.03082729,0.5985605,0.794246,0.09974251
Head:0.5093198,1.248883,0.649677|0.406665,-0.7475315,-0.01615369,0.5249376
Left:0.5526357,1.135679,0.4022195|-0.110558,-0.2345448,-0.2885576,0.9216834
Right:0.4011374,1.148511,0.5982511|-0.03073155,0.594524,0.7973661,0.09901615
Head:0.5107914,1.247181,0.6568692|0.4080453,-0.7465302,-0.02044541,0.5251415
Left:0.5557509,1.140879,0.4101181|-0.1102444,-0.2293347,-0.2927702,0.9217035
Right:0.4046214,1.146123,0.6036389|-0.02985312,0.5909752,0.8004575,0.09552421
Head:0.5122098,1.245231,0.6645746|0.4096613,-0.7447107,-0.02544266,0.5262474
Left:0.551312,1.147924,0.417949|-0.1080523,-0.2162582,-0.2870663,0.9269035
Right:0.4081418,1.143812,0.6088917|-0.02951982,0.5874774,0.8034628,0.09190493
Head:0.5133218,1.242721,0.6732137|0.411296,-0.7411953,-0.03087969,0.5296335
Left:0.5446581,1.153263,0.4249864|-0.09539169,-0.2024645,-0.2805341,0.9333859
Right:0.412165,1.14043,0.6152973|-0.02616793,0.5860734,0.8054594,0.08407291
Head:0.5144597,1.239939,0.6817513|0.4122873,-0.7371042,-0.03621798,0.5342141
Left:0.5369831,1.158477,0.4309747|-0.08160426,-0.1922461,-0.275439,0.9383579
Right:0.4164737,1.13744,0.6210325|-0.02297485,0.5859744,0.8059246,0.0811896
Head:0.5144597,1.239939,0.6817513|0.4122873,-0.7371042,-0.03621798,0.5342141
Left:0.5369831,1.158477,0.4309747|-0.08160426,-0.1922461,-0.275439,0.9383579
Right:0.4164737,1.13744,0.6210325|-0.02297485,0.5859744,0.8059246,0.0811896
Head:0.5158484,1.236636,0.6904321|0.4128847,-0.7323079,-0.04100509,0.5399722
Left:0.5175292,1.161799,0.434123|-0.0633345,-0.181941,-0.2651872,0.944755
Right:0.4218107,1.13401,0.6268272|-0.01756668,0.5891055,0.803874,0.08020465
Head:0.5174987,1.232533,0.6991394|0.4137262,-0.7258951,-0.04453794,0.5476525
Left:0.4897944,1.164498,0.4330726|-0.05603214,-0.1668595,-0.2567944,0.9503025
Right:0.4271091,1.130613,0.6326692|-0.01180742,0.5931174,0.8012097,0.07832787
Head:0.5195127,1.228049,0.707207|0.4156563,-0.7184541,-0.04845961,0.5556124
Left:0.460623,1.167238,0.429641|-0.05966242,-0.1507637,-0.2389691,0.9573947
Right:0.4323969,1.127253,0.6384623|-0.005709316,0.5969211,0.7989774,0.07271708
Head:0.5220816,1.223042,0.7147355|0.4186927,-0.709057,-0.05306515,0.5649059
Left:0.4142524,1.17021,0.4178047|-0.06560142,-0.1548848,-0.2102538,0.9630683
Right:0.436927,1.123628,0.6444309|0.001364788,0.5994721,0.7976901,0.06574084
Head:0.5248976,1.217661,0.7212851|0.4229003,-0.6977829,-0.05781708,0.5752493
Left:0.3492972,1.169078,0.3982275|-0.01948121,-0.1929625,-0.2259892,0.9546281
Right:0.4409537,1.119618,0.6510453|0.01160214,0.6020327,0.7964715,0.05527272
Head:0.5279049,1.212286,0.726337|0.4277678,-0.6838049,-0.06237106,0.5878226
Left:0.286907,1.165352,0.3800702|0.0520147,-0.2093488,-0.2757966,0.9366984
Right:0.4444385,1.115281,0.6576457|0.02256618,0.604751,0.7949905,0.04192009
Head:0.5313037,1.207297,0.7297122|0.4332323,-0.6681424,-0.06656683,0.601219
Left:0.2291625,1.161508,0.3602338|0.1167166,-0.2146718,-0.3188325,0.9157724
Right:0.4472081,1.110541,0.663913|0.03128919,0.6073779,0.7932837,0.02853248
Head:0.5377601,1.200281,0.7301271|0.4428228,-0.6386017,-0.07243899,0.6251788
Left:0.1111116,1.15064,0.305938|0.151793,-0.2377039,-0.3254445,0.9025196
Right:0.4517463,1.100091,0.6750634|0.03854152,0.6112967,0.7904409,0.005855877
Head:0.5407273,1.19867,0.7269104|0.446176,-0.6287796,-0.06809664,0.6331872
Left:0.0636971,1.151674,0.2803373|0.1180959,-0.2696472,-0.2985053,0.9078758
Right:0.4524471,1.094096,0.6783216|-0.03648672,-0.6135508,-0.7887809,0.006990324
Head:0.5426796,1.198711,0.721261|0.4480123,-0.6237347,-0.05605254,0.6380424
Left:0.03867769,1.150788,0.2529932|0.08998139,-0.3117923,-0.2971846,0.8979812
Right:0.4525442,1.087717,0.6803429|-0.03334732,-0.6171604,-0.7857396,0.02478418
Head:0.5427004,1.199497,0.7150941|0.4491866,-0.6241189,-0.04037087,0.6380261
Left:0.01171672,1.150796,0.2297304|0.09786005,-0.3318405,-0.3118545,0.8849023
Right:0.4523525,1.080809,0.6809907|-0.03234224,-0.6243395,-0.7789914,0.04823473
Head:0.5402982,1.200952,0.7084138|0.4464965,-0.6272503,-0.02640263,0.6375742
Left:0.0005540848,1.147506,0.2162257|0.1153738,-0.346629,-0.3205136,0.8739613
Right:0.4542565,1.074246,0.6802669|-0.03672364,-0.6382982,-0.7659289,0.06767445
Head:0.5352579,1.203657,0.7020547|0.435874,-0.6306612,-0.01747866,0.6418526
Left:0.05934143,1.104553,0.2554123|0.2881975,-0.2494425,-0.2253637,0.8966224
Right:0.4580404,1.068262,0.6779499|-0.04808554,-0.6618757,-0.7436396,0.08129275
Head:0.5299703,1.206043,0.6964259|0.4235843,-0.6332076,-0.01313065,0.6476512
Left:0.08200169,1.103748,0.2800932|0.2570298,-0.2108256,-0.1780268,0.9261721
Right:0.4624072,1.063168,0.6758904|-0.05887807,-0.6856125,-0.7202857,0.08750685
Head:0.5234882,1.209498,0.6881454|0.4118097,-0.6367412,-0.01080753,0.6518102
Left:0.1089385,1.118035,0.3192805|0.1022339,-0.1558132,-0.2071848,0.9603879
Right:0.4675273,1.058074,0.6730764|-0.06916025,-0.7116855,-0.6937912,0.08587549
Head:0.518483,1.213874,0.6773245|0.4043569,-0.6433599,-0.009210446,0.649999
Left:0.1504407,1.134435,0.3405041|-0.1007488,-0.1652365,-0.1988152,0.9607388
Right:0.4714191,1.055089,0.6695223|-0.06565873,-0.7306436,-0.675654,0.07307936
Head:0.5142943,1.218409,0.665787|0.401973,-0.6516412,-0.004233922,0.6432445
Left:0.1949701,1.156713,0.3318958|-0.2632658,-0.1746545,-0.1270176,0.9402412
Right:0.4735482,1.051818,0.6682208|-0.05936562,-0.7400811,-0.6657295,0.07456585
Head:0.5103893,1.224219,0.6513078|0.4030935,-0.6586007,0.003834057,0.6354101
Left:0.2267236,1.161082,0.327297|-0.3630003,-0.1587808,-0.03993024,0.9172922
Right:0.4724464,1.049438,0.6674955|-0.04768291,-0.7385674,-0.6666154,0.08870517
Head:0.5072073,1.230375,0.6355202|0.4015699,-0.6674992,0.01210498,0.626929
Left:0.2680706,1.159375,0.3194305|-0.3997692,-0.1246506,0.03705211,0.9073445
Right:0.4712564,1.047477,0.667691|-0.03922959,-0.735593,-0.6681588,0.1045368
Head:0.5037423,1.237322,0.6189713|0.3987723,-0.6779041,0.02372235,0.6171417
Left:0.318517,1.154132,0.3039738|-0.4072383,-0.1001539,0.03731401,0.9070468
Right:0.4714471,1.045975,0.6664348|-0.03417446,-0.73981,-0.662126,0.1144658
Head:0.4993067,1.244997,0.602061|0.3941089,-0.6867462,0.03476326,0.6097946
Left:0.3598497,1.145519,0.2886225|-0.4428355,-0.08895786,0.05421984,0.8905299
Right:0.472399,1.044077,0.6637087|-0.03019261,-0.7502528,-0.6493987,0.1203767
Head:0.4947982,1.253337,0.5842965|0.3866843,-0.694576,0.04485391,0.605002
Left:0.3971002,1.132618,0.2656107|-0.4685733,-0.09688877,0.06164829,0.8759288
Right:0.4744164,1.042443,0.6582403|-0.02605644,-0.7706406,-0.6259282,0.1168249
Head:0.4899483,1.26207,0.5660739|0.3779728,-0.7009248,0.05362278,0.6024663
Left:0.4278639,1.110896,0.2538497|-0.5097306,-0.1065043,0.06640143,0.8511301
Right:0.4771342,1.040065,0.650892|-0.02389836,-0.7979527,-0.592768,0.1064263
Head:0.4846649,1.271436,0.5471094|0.3678559,-0.7054633,0.06062183,0.6027673
Left:0.4694014,1.09282,0.2335024|-0.5520333,-0.1302547,0.06245075,0.8212143
Right:0.4805886,1.037071,0.6426847|-0.02623915,-0.8259141,-0.5560514,0.0893548
Head:0.4801435,1.280921,0.5264268|0.353505,-0.7100567,0.06609152,0.6053805
Left:0.507756,1.077264,0.2109292|-0.5961821,-0.1617998,0.06850978,0.7833863
Right:0.4839592,1.034386,0.6347544|-0.02791076,-0.8494948,-0.5226834,0.06619471
Head:0.4760105,1.289966,0.5053186|0.3391391,-0.7152002,0.07047037,0.6070481
Left:0.542669,1.055991,0.1976376|-0.6417009,-0.2016595,0.07247373,0.736411
Right:0.4857007,1.032645,0.6273849|-0.03007417,-0.8673611,-0.4941392,0.05105736
Head:0.472986,1.299097,0.4819722|0.3239191,-0.720384,0.06864179,0.6094355
Left:0.5831068,1.039228,0.1821823|-0.6763843,-0.2396713,0.07479282,0.6924363
Right:0.4855697,1.031125,0.6203485|-0.02591717,-0.8814156,-0.4697658,0.04189182
Head:0.4715942,1.307531,0.4575956|0.3088835,-0.7276234,0.06256101,0.6092957
Left:0.6228445,1.026037,0.1682345|-0.7014494,-0.2839916,0.06974029,0.6499645
Right:0.4790662,1.032506,0.6100256|0.000366211,-0.8885753,-0.4572951,0.03626598
Head:0.4713066,1.315023,0.4330006|0.2913966,-0.7375923,0.05428343,0.6067116
Left:0.6633967,1.01134,0.1628026|-0.7203148,-0.3229851,0.06036175,0.6108877
Right:0.4631752,1.036499,0.594758|0.04650687,-0.8867725,-0.4576847,0.04468257
Head:0.4742146,1.320609,0.4078748|0.2686681,-0.7538983,0.0402349,0.5981941
Left:0.7037799,1.000326,0.15768|-0.7215586,-0.3580821,0.04759235,0.5906482
Right:0.4439801,1.040959,0.5761888|0.08411902,-0.8847611,-0.4551507,0.05440297
Head:0.4787121,1.324576,0.3832469|0.2455168,-0.77312,0.02791476,0.584147
Left:0.7410927,0.9911398,0.156239|-0.7090293,-0.3924229,0.02598958,0.5853258
Right:0.4088517,1.054521,0.5367944|0.07619847,-0.8858754,-0.4537851,0.05914026
Head:0.4839324,1.328222,0.3592541|0.2253469,-0.7905197,0.02107525,0.5690811
Left:0.7834475,0.9842407,0.1563648|-0.6894066,-0.4405949,-0.01700385,0.5747222
Right:0.3868881,1.066248,0.4985354|0.03979567,-0.8972148,-0.4382159,0.03726725
Head:0.4919501,1.330356,0.3367287|0.2131252,-0.8076192,0.02084742,0.5494491
Left:0.8238513,0.9788785,0.1550732|-0.6689233,-0.5009882,-0.06907875,0.5447757
Right:0.3709633,1.08148,0.4413321|0.02222116,0.9062293,0.4199186,0.0438535
Head:0.5005021,1.332697,0.3153915|0.2071698,-0.8225478,0.02371591,0.5290872
Left:0.8658131,0.9708128,0.1534065|-0.6533664,-0.5564741,-0.1089604,0.5015741
Right:0.3602515,1.096943,0.3840802|0.04692378,0.8920348,0.4203234,0.1593748
Head:0.5116106,1.334488,0.2952549|0.2023872,-0.8366603,0.03010686,0.5080675
Left:0.916684,0.9635919,0.155117|-0.6461623,-0.612109,-0.1414627,0.4333418
Right:0.3577019,1.102868,0.3206067|0.04690249,0.8677076,0.4270692,0.2499911
Head:0.5234757,1.334926,0.2763147|0.1978761,-0.8511296,0.03602067,0.4848979
Left:0.9650772,0.9549425,0.1610005|-0.648882,-0.652001,-0.1577625,0.3591068
Right:0.339756,1.117483,0.2652128|0.02844684,0.819869,0.472207,0.3225307
Head:0.5347388,1.333963,0.259366|0.195336,-0.8674541,0.04181938,0.4556517
Left:1.010604,0.9460748,0.1683221|-0.6466678,-0.6813703,-0.1759788,0.2942562
Right:0.3193443,1.126238,0.2141502|0.002620961,0.7972445,0.4860853,0.357932
Head:0.5467507,1.33295,0.2458798|0.1964382,-0.8859532,0.05802117,0.416092
Left:1.057461,0.9376516,0.1866056|-0.6435015,-0.7025751,-0.1912117,0.2360766
Right:0.2919143,1.134746,0.1574904|-0.02179066,0.7890204,0.4908597,0.3688208
Head:0.5572399,1.331542,0.2373183|0.1940776,-0.9058489,0.0868682,0.3663682
Left:1.092729,0.9317145,0.2086985|-0.6166127,-0.7347951,-0.2002446,0.1994171
Right:0.2615997,1.139086,0.1070158|-0.0138457,0.7869009,0.4931776,0.370636
Head:0.5647483,1.329031,0.232263|0.1835712,-0.9263465,0.1179302,0.3070443
Left:1.117576,0.9269063,0.2301563|-0.5716965,-0.7764587,-0.1908467,0.183991
Right:0.2286141,1.138481,0.06480193|-0.001708984,0.7907481,0.4987364,0.3549318
Head:0.570471,1.325719,0.2308962|0.1648416,-0.9441168,0.1476706,0.2442623
Left:1.131322,0.9223059,0.2524157|-0.5088567,-0.8252383,-0.1638609,0.1821984
Right:0.1920441,1.137515,0.03847444|0.06784629,0.836862,0.4830923,0.2483563
Head:0.5694784,1.321819,0.2277923|0.1363675,-0.9575211,0.1566809,0.2000208
Left:1.145855,0.9206353,0.2734712|-0.4517119,-0.8633552,-0.1349795,0.1798745
Right:0.173788,1.136446,0.008180022|0.141584,0.8526765,0.4574525,0.2088877
Head:0.5720178,1.319789,0.2171576|0.1298203,-0.9496788,0.129591,0.2538958
Left:1.148654,0.919468,0.2916255|-0.4082286,-0.8866583,-0.08542734,0.1997219
Right:0.1656899,1.135014,-0.008883119|0.1717478,0.8634166,0.4224035,0.2158468
Head:0.5655646,1.323854,0.2126763|0.2084169,-0.9381138,0.1140755,0.2519756
Left:1.148339,0.9208097,0.3172382|-0.4261492,-0.8826898,-0.02405869,0.1966639
Right:0.1968856,1.145951,0.009551764|0.0213466,0.8338872,0.4863231,0.2601277
Head:0.5619513,1.3238,0.2082493|0.2250752,-0.9288889,0.1025752,0.2756537
Left:1.15485,0.9209888,0.3231244|-0.4512169,-0.8775256,-0.01487906,0.1616498
Right:0.21226,1.150749,0.01867342|-0.006878854,0.8189857,0.5131472,0.2567003
Head:0.5565102,1.325237,0.2049375|0.2318343,-0.9239555,0.111588,0.2830321
Left:1.163815,0.9191074,0.3293993|-0.4599167,-0.8790091,-0.009114493,0.1254455
Right:0.2266079,1.151346,0.02717054|-0.02992628,0.8083324,0.5221235,0.2703522
Head:0.5530608,1.326381,0.2037674|0.224635,-0.9227894,0.1190853,0.2895126
Left:1.171777,0.9153304,0.3307859|-0.4615024,-0.8828646,-0.01274335,0.08604269
Right:0.2405492,1.147235,0.04503572|-0.03350402,0.8085924,0.506577,0.2973813
Head:0.5501632,1.326564,0.2015163|0.2112641,-0.9238458,0.1277305,0.2925088
Left:1.178435,0.9096706,0.3308161|-0.4523425,-0.8898966,-0.01181752,0.05771073
Right:0.2514238,1.140403,0.05694592|-0.03247621,0.809563,0.4992769,0.3070432
Head:0.5459691,1.32739,0.2001255|0.197293,-0.9251665,0.1402488,0.2923571
Left:1.182982,0.9032136,0.3287413|-0.4339871,-0.899875,-0.006657031,0.04284755
Right:0.2619857,1.132512,0.06748414|-0.02298685,0.8161858,0.4884835,0.3077275
Head:0.5419705,1.328281,0.1991858|0.190022,-0.9241619,0.1477246,0.2966375
Left:1.186782,0.8978074,0.3269546|-0.4162861,-0.9085817,0.00266326,0.03432238
Right:0.2695518,1.117674,0.08053613|0.001081546,0.8279089,0.4807252,0.28891
Head:0.5361535,1.331298,0.1984972|0.1877864,-0.9211349,0.1515339,0.3054248
Left:1.185236,0.8918657,0.3197377|-0.4041839,-0.9134831,0.02080108,0.0418484
Right:0.2724712,1.1088,0.09212148|-0.002260774,0.8335775,0.4790993,0.2749677
Head:0.529371,1.335279,0.1984739|0.1957269,-0.915444,0.1512918,0.3174335
Left:1.180382,0.8854666,0.309562|-0.4128559,-0.90816,0.04367798,0.05373646
Right:0.2726032,1.098545,0.1081907|-0.01269003,0.8351672,0.4894051,0.2506339
Head:0.52215,1.340077,0.1989834|0.2071642,-0.9092703,0.1471553,0.3296299
Left:1.174518,0.8787476,0.2960017|-0.4375266,-0.8954549,0.0569493,0.05905819
Right:0.2719368,1.089824,0.1264451|-0.0342361,0.8326858,0.5025159,0.2300873
Head:0.5151343,1.345148,0.1990792|0.2111086,-0.9055206,0.143957,0.3387358
Left:1.16907,0.8710759,0.2786462|-0.4593872,-0.8844497,0.06007162,0.05570996
Right:0.2714226,1.080378,0.1438715|-0.05418946,0.8329492,0.5091888,0.2097284
Head:0.5080621,1.350195,0.1994456|0.2098128,-0.9033627,0.1428751,0.3456894
Left:1.164521,0.8630612,0.261335|-0.4705984,-0.8786941,0.0615888,0.05138827
Right:0.2716633,1.07112,0.1604484|-0.06661942,0.8358112,0.5113124,0.1885234
Head:0.501213,1.355461,0.2009726|0.2041638,-0.9026947,0.1415148,0.3513303
Left:1.157989,0.8538349,0.2378533|-0.4737469,-0.8772583,0.05922033,0.04974631
Right:0.2717094,1.062904,0.1787701|-0.07414488,0.8412418,0.5091696,0.1660149
Head:0.4943784,1.36053,0.202682|0.1996531,-0.9020523,0.1408251,0.355821
Left:1.149209,0.8445588,0.2121203|-0.4699818,-0.8784489,0.06339164,0.05853408
Right:0.274524,1.054622,0.1966972|-0.07611708,0.8443726,0.5098728,0.1458456
Head:0.4943784,1.36053,0.202682|0.1996531,-0.9020523,0.1408251,0.355821
Left:1.149209,0.8445588,0.2121203|-0.4699818,-0.8784489,0.06339164,0.05853408
Right:0.274524,1.054622,0.1966972|-0.07611708,0.8443726,0.5098728,0.1458456
Head:0.4801783,1.368909,0.2100067|0.1980613,-0.8976479,0.1395647,0.3681327
Left:1.111026,0.8240391,0.1594253|-0.449778,-0.879163,0.09938278,0.1220465
Right:0.2838412,1.040208,0.2325876|-0.07902599,0.8482437,0.5126721,0.1067943
Head:0.4801783,1.368909,0.2100067|0.1980613,-0.8976479,0.1395647,0.3681327
Left:1.111026,0.8240391,0.1594253|-0.449778,-0.879163,0.09938278,0.1220465
Right:0.2838412,1.040208,0.2325876|-0.07902599,0.8482437,0.5126721,0.1067943
Head:0.465785,1.374301,0.2204262|0.2026296,-0.8891717,0.1375093,0.3865309
Left:1.064228,0.8085819,0.09499013|-0.4570252,-0.8524002,0.1397585,0.2121545
Right:0.2976499,1.030127,0.2661992|-0.08237548,0.852707,0.510973,0.070793
Head:0.4592701,1.375671,0.2269015|0.2065503,-0.8833527,0.1361255,0.3981142
Left:1.03563,0.8030475,0.05652821|-0.4671194,-0.8338963,0.1479331,0.2540322
Right:0.3064365,1.027431,0.2818352|-0.08082549,0.8537909,0.5109308,0.05880521
Head:0.4530532,1.376404,0.2335846|0.2098941,-0.8770823,0.1359462,0.4101094
Left:1.001607,0.7980982,0.02382994|-0.473572,-0.8175044,0.1443067,0.2942646
Right:0.3161099,1.025935,0.2977387|-0.07857996,0.8547084,0.5107394,0.04943644
Head:0.4476376,1.376246,0.2403696|0.2113871,-0.8702278,0.1365821,0.4235145
Left:0.9634943,0.7939023,-0.02058733|-0.4774778,-0.8038539,0.1351281,0.3279853
Right:0.3266328,1.025572,0.312718|-0.07524242,0.8566327,0.508805,0.04045347
Head:0.4430917,1.37488,0.2467096|0.2108542,-0.8627433,0.1388333,0.4381095
Left:0.9170507,0.7949449,-0.06522346|-0.4749636,-0.7922038,0.1137413,0.3659039
Right:0.3361854,1.026469,0.3270224|-0.07396554,0.8577635,0.5078356,0.0295627
Head:0.4430917,1.37488,0.2467096|0.2108542,-0.8627433,0.1388333,0.4381095
Left:0.9170507,0.7949449,-0.06522346|-0.4749636,-0.7922038,0.1137413,0.3659039
Right:0.3361854,1.026469,0.3270224|-0.07396554,0.8577635,0.5078356,0.0295627
Head:0.4389626,1.372979,0.2526691|0.2080215,-0.8551614,0.1436704,0.4525315
Left:0.866318,0.7850531,-0.09612811|-0.4770509,-0.7749228,0.09926759,0.4025706
Right:0.3454757,1.02752,0.3419409|-0.07242006,0.8573599,0.5092776,0.01804516
Head:0.4354132,1.370597,0.2580509|0.2021379,-0.8481858,0.1505635,0.4658881
Left:0.8030912,0.793782,-0.1394372|-0.4912661,-0.746866,0.07086561,0.4425235
Right:0.3552852,1.030673,0.3565784|-0.06737862,0.855029,0.5141543,0.005564586
Head:0.4335304,1.3673,0.2622797|0.1928926,-0.8427624,0.1558809,0.4777502
Left:0.729575,0.8100326,-0.1741464|-0.5111375,-0.7018911,0.04972826,0.4935733
Right:0.3645725,1.034957,0.3717546|0.06049412,-0.8515524,-0.5206712,0.01001907
Head:0.4314404,1.364614,0.2659476|0.186226,-0.8379894,0.1576109,0.488111
Left:0.6469589,0.8354379,-0.1999068|-0.5183392,-0.6403698,0.03992026,0.5653826
Right:0.374679,1.039013,0.3865898|0.05441181,-0.8470866,-0.5280399,0.0256413
Head:0.4299196,1.361731,0.2684307|0.1842414,-0.8345822,0.1565207,0.495004
Left:0.5716084,0.8616287,-0.2148991|-0.5207318,-0.5660962,0.02434637,0.638577
Right:0.3848876,1.042837,0.4012811|0.05229498,-0.8414318,-0.536473,0.03813852
Head:0.4295056,1.357984,0.2690241|0.1869804,-0.8327646,0.1521302,0.4983955
Left:0.4872177,0.9055778,-0.2080686|-0.5115345,-0.4803353,-0.01626195,0.7122823
Right:0.3942829,1.046469,0.4163177|0.0503331,-0.8367415,-0.5430471,0.0492954
Head:0.4294551,1.354014,0.269361|0.1911727,-0.8313482,0.1465403,0.5008384
Left:0.4186154,0.9265363,-0.2185299|-0.5022731,-0.4117417,-0.03561337,0.759554
Right:0.4039763,1.048262,0.4290218|0.05070689,-0.8347349,-0.5452058,0.05828528
Head:0.4307477,1.349341,0.2687697|0.1968924,-0.8304129,0.141313,0.5016757
Left:0.346124,0.9654089,-0.2092352|-0.4936557,-0.3284981,-0.09465768,0.7996456
Right:0.412169,1.048432,0.439091|0.05224887,-0.8350741,-0.5435135,0.06718998
Head:0.4327711,1.344497,0.266696|0.2042953,-0.8279752,0.1389378,0.5034052
Left:0.27177,1.013489,-0.1929358|-0.4976323,-0.2568815,-0.1533452,0.8141617
Right:0.4190145,1.047625,0.447459|0.04882981,-0.8357753,-0.5410655,0.07964721
Head:0.4348032,1.339936,0.2651715|0.2109318,-0.8240778,0.1365704,0.5076929
Left:0.2257291,1.090688,-0.1549562|-0.5666383,-0.1679785,-0.1982117,0.7819312
Right:0.4250818,1.046622,0.4552839|0.04628751,-0.8357811,-0.5393865,0.0915948
Head:0.4362189,1.335738,0.2635951|0.2145762,-0.8214625,0.1362291,0.510488
Left:0.2168854,1.161666,-0.08903253|-0.6051073,-0.06891555,-0.2150988,0.7634319
Right:0.4273847,1.044413,0.4581552|0.04320237,-0.8391927,-0.5321465,0.1034866
Head:0.4358534,1.332982,0.262144|0.2078577,-0.8243189,0.1416042,0.50719
Left:0.1912987,1.199559,-0.08497751|-0.6716017,0.05096439,-0.1619553,0.7211965
Right:0.4309318,1.043745,0.4626079|0.03883937,-0.842852,-0.524562,0.1136957
Head:0.4350444,1.332635,0.2612219|0.1939448,-0.8290796,0.1549148,0.5010129
Left:0.2400088,1.240255,-0.01576924|-0.6988993,0.1137372,-0.1466088,0.6907311
Right:0.4326997,1.044677,0.4647226|0.03143103,-0.8491163,-0.5141383,0.116942
Head:0.434252,1.332518,0.2614187|0.1834368,-0.8337795,0.1663902,0.4934339
Left:0.2483239,1.243092,0.004987478|-0.7380693,0.1244963,-0.07788452,0.6585502
Right:0.4353158,1.046952,0.4678533|0.02293997,-0.8541538,-0.5063021,0.1164182
Head:0.4331996,1.33348,0.2626623|0.1793263,-0.838693,0.1738441,0.4839571
Left:0.262935,1.23934,0.03897119|-0.709887,0.1248259,-0.08408187,0.6880473
Right:0.4376417,1.051618,0.4696348|0.0107737,-0.8582105,-0.5021667,0.1057697
Head:0.4331384,1.335127,0.2649579|0.1814015,-0.8421742,0.1785804,0.4753369
Left:0.2499777,1.2409,0.05599904|-0.7012199,0.147044,-0.0878649,0.6920611
Right:0.4391032,1.058902,0.4725757|0.000211432,-0.8573377,-0.5059323,0.09489261
Head:0.4334217,1.337266,0.2692242|0.1853782,-0.8458037,0.180953,0.4663765
Left:0.2564161,1.233557,0.07390308|-0.6934415,0.1437823,-0.09031387,0.7002207
Right:0.4386303,1.06642,0.477071|-0.008223681,-0.8501125,-0.5179312,0.0948075
Head:0.4340656,1.339962,0.2743043|0.1894977,-0.8488839,0.1825932,0.4584174
Left:0.2565058,1.227923,0.08632183|-0.6940394,0.1370975,-0.08126328,0.7020755
Right:0.4354039,1.074143,0.482744|-0.008988554,-0.8364577,-0.538335,0.1022404
Head:0.4350303,1.34311,0.279753|0.1933015,-0.8517208,0.1847583,0.4506335
Left:0.2613607,1.21838,0.0915482|-0.70358,0.1320834,-0.07263675,0.6944444
Right:0.4331436,1.08137,0.4885151|-0.009113266,-0.8225864,-0.5581065,0.1085615
Head:0.4362897,1.346518,0.2860203|0.1968461,-0.8547195,0.1864312,0.442662
Left:0.264962,1.21028,0.09074068|-0.7208257,0.1195791,-0.06276447,0.6798323
Right:0.4272466,1.088782,0.495785|0.0001220703,-0.7983187,-0.5908414,0.116592
Head:0.4370701,1.351277,0.2936656|0.2017022,-0.8573042,0.186673,0.4353149
Left:0.2663361,1.206386,0.09262538|-0.7361495,0.1085759,-0.05486776,0.6657963
Right:0.4223208,1.096331,0.5033624|0.005858421,-0.7807506,-0.6132746,0.1195342
Head:0.4379388,1.356043,0.3014913|0.2041207,-0.859988,0.1847824,0.4296635
Left:0.27144,1.202713,0.08589363|-0.7542989,0.09422979,-0.05166496,0.6476765
Right:0.4169937,1.102469,0.5085404|0.01406698,-0.7677238,-0.6300668,0.1158365
Head:0.4383213,1.36056,0.3091424|0.2042918,-0.8626624,0.1812826,0.4256937
Left:0.2787117,1.200187,0.08098686|-0.7699208,0.08238071,-0.05720193,0.630209
Right:0.4121878,1.108856,0.5110705|0.01744698,-0.7655815,-0.6348433,0.1027346
Head:0.4379258,1.365355,0.3173553|0.2019443,-0.865293,0.1748042,0.4241815
Left:0.2862613,1.197738,0.07834053|-0.7823332,0.07051595,-0.06350816,0.6155884
Right:0.4076739,1.115224,0.5127344|0.01904277,-0.7655133,-0.6372171,0.08706998
Head:0.4374912,1.369679,0.3254955|0.1963367,-0.8674458,0.167169,0.425493
Left:0.2989764,1.200796,0.07696807|-0.7835126,0.06476615,-0.07567114,0.613341
Right:0.4035144,1.12112,0.512207|0.01581117,-0.7729169,-0.6312878,0.06184873
Head:0.4371927,1.373626,0.3339245|0.1906648,-0.8689607,0.1600331,0.4277193
Left:0.3112422,1.202271,0.08001542|-0.7822371,0.06490882,-0.08591409,0.6136048
Right:0.3993477,1.127589,0.5114243|0.01196803,-0.7762597,-0.6288552,0.04264846
Head:0.4372872,1.376924,0.3426619|0.1857808,-0.8694764,0.1541147,0.4309815
Left:0.3260567,1.203995,0.08510494|-0.7763535,0.07121906,-0.1056845,0.6172794
Right:0.3933228,1.133924,0.5092175|0.01152094,-0.7751356,-0.6309214,0.03115126
Head:0.4374968,1.379501,0.3514727|0.1825015,-0.8694532,0.1499052,0.4339043
Left:0.3376399,1.207401,0.0897975|-0.7711732,0.07518087,-0.1158571,0.6214634
Right:0.3865348,1.141368,0.5097818|0.01385942,-0.7700061,-0.6375257,0.02144185
Head:0.4380147,1.381538,0.3603809|0.1804157,-0.8686442,0.1481451,0.4369903
Left:0.3506609,1.212171,0.09677374|-0.7682331,0.07930329,-0.1209684,0.6236148
Right:0.3789624,1.150512,0.5109968|0.01994076,-0.757551,-0.6523722,0.011375
Head:0.4392409,1.383206,0.3694899|0.1796605,-0.8673474,0.1480351,0.4399047
Left:0.3597002,1.217456,0.1027908|-0.7736693,0.08117884,-0.1224194,0.6163273
Right:0.371478,1.160618,0.5134814|-0.03453517,0.7376592,0.6742631,0.005961169
Head:0.4408416,1.384514,0.3785911|0.18031,-0.8655947,0.1502662,0.4423282
Left:0.3691802,1.222521,0.107555|-0.7774408,0.08256893,-0.1274382,0.6103505
Right:0.364287,1.169608,0.5154998|-0.04636047,0.7238448,0.6881042,0.02030165
Head:0.442228,1.385878,0.3876879|0.1809212,-0.8639266,0.1523516,0.4446205
Left:0.3763831,1.227559,0.1138426|-0.7812526,0.08037134,-0.1346036,0.6042076
Right:0.3571549,1.179309,0.5169084|-0.05099735,0.7153382,0.6961573,0.03248905
Head:0.4446796,1.386646,0.3970866|0.1818737,-0.8622953,0.1549165,0.4465083
Left:0.3840169,1.232565,0.1215636|-0.7817146,0.07554121,-0.1440208,0.6020579
Right:0.3511798,1.189278,0.5179498|-0.0486262,0.7121152,0.6988227,0.04662967
Head:0.4470608,1.387335,0.4067645|0.1826568,-0.8611853,0.1568143,0.447667
Left:0.3914427,1.237886,0.129609|-0.7794364,0.07099807,-0.1549156,0.6028594
Right:0.3474286,1.198897,0.5173595|-0.03755435,0.7176939,0.6920308,0.06781249
Head:0.449859,1.387887,0.41623|0.1823606,-0.8602977,0.1589346,0.4487453
Left:0.3981321,1.24286,0.1395365|-0.7744141,0.06560578,-0.1664595,0.6068525
Right:0.3458388,1.208749,0.5167215|-0.02142304,0.7245448,0.6826015,0.09290415
Head:0.4527962,1.388526,0.4259074|0.1828862,-0.8594401,0.1606835,0.4495512
Left:0.4055171,1.248014,0.1495498|-0.7691411,0.06157597,-0.1768916,0.6110154
Right:0.3430796,1.217628,0.516813|-0.01169532,0.7236035,0.6811536,0.1108648
Head:0.4559403,1.389043,0.4356604|0.1844821,-0.8583768,0.1617462,0.4505484
Left:0.4130845,1.253549,0.1614375|-0.7595272,0.05921008,-0.1866285,0.6203084
Right:0.3405724,1.228136,0.5189133|-0.005009068,0.7180687,0.6847142,0.1245739
Head:0.4594091,1.389487,0.4454992|0.1861103,-0.8571926,0.1620756,0.4520125
Left:0.4204164,1.259417,0.174134|-0.7480918,0.05645452,-0.1983428,0.6307391
Right:0.3371279,1.238409,0.5231507|-0.006460075,0.7057975,0.695719,0.1333539
Head:0.4634572,1.38948,0.4554198|0.1868966,-0.8555303,0.1620157,0.4548499
Left:0.4282309,1.265752,0.18774|-0.7374327,0.05249289,-0.212382,0.6390081
Right:0.3338331,1.248088,0.5282924|-0.01004637,0.6926813,0.7070165,0.1421954
Head:0.4675995,1.389264,0.4652717|0.1868133,-0.8538813,0.1629942,0.4576248
Left:0.4372683,1.272724,0.2016703|-0.7263116,0.04605781,-0.2341015,0.6446291
Right:0.3297448,1.257735,0.5363319|-0.02517499,0.6697549,0.7282625,0.1429274
Head:0.4721728,1.388917,0.4748712|0.1855931,-0.8521197,0.1652193,0.4605972
Left:0.4476554,1.279956,0.2143955|-0.7208295,0.04467694,-0.2553779,0.6427993
Right:0.3252378,1.266727,0.542928|-0.03462219,0.6514907,0.7434739,0.1469954
Head:0.4770064,1.388483,0.4841573|0.1839524,-0.8501562,0.1681386,0.463816
Left:0.459671,1.28718,0.2258735|-0.7213184,0.05324918,-0.2685946,0.636177
Right:0.3220465,1.276107,0.5525305|-0.04727031,0.6324381,0.7585759,0.1495
Head:0.4819011,1.388117,0.4931531|0.1827595,-0.8484027,0.170636,0.4665783
Left:0.4716144,1.2943,0.2364259|-0.7225662,0.06349649,-0.2773812,0.6300206
Right:0.3198714,1.284013,0.5606587|-0.05679701,0.6164152,0.769753,0.1558418
Head:0.4868824,1.387754,0.5015726|0.1815647,-0.8470914,0.1720829,0.46889
Left:0.4840857,1.301836,0.245209|-0.7284232,0.07696371,-0.2803697,0.6203782
Right:0.3197669,1.291428,0.5696394|-0.06220127,0.6047748,0.7759766,0.1680441
Head:0.4917167,1.387671,0.5094433|0.1802431,-0.8466715,0.1718247,0.4702511
Left:0.4982697,1.308608,0.2533278|-0.7320232,0.08764045,-0.286332,0.6119438
Right:0.3224124,1.29826,0.5790637|-0.05817566,0.5977179,0.7789431,0.1805453
Head:0.4964597,1.387717,0.5171192|0.17747,-0.8468537,0.1709235,0.471305
Left:0.5126724,1.315668,0.2611315|-0.7324263,0.09647035,-0.2960131,0.6054928
Right:0.3267452,1.304338,0.5877342|-0.04940505,0.5938459,0.7795043,0.1930785
Head:0.5011778,1.387522,0.5243065|0.1723761,-0.8479452,0.1696497,0.4716931
Left:0.5257292,1.321804,0.269226|-0.7299218,0.1029003,-0.3083356,0.6012943
Right:0.3319384,1.309736,0.5967181|-0.04130854,0.5893158,0.7805864,0.2041701
Head:0.5060053,1.387175,0.5311196|0.1668693,-0.8491186,0.1690915,0.4717631
Left:0.5397066,1.327105,0.2777014|-0.7260332,0.1094478,-0.3208795,0.5982752
Right:0.3372648,1.313743,0.6049349|-0.03537971,0.583868,0.7832111,0.2107767
Head:0.5110976,1.386662,0.5376959|0.1617646,-0.8503019,0.1694039,0.4712974
Left:0.5536085,1.332806,0.2853068|-0.7183669,0.1072136,-0.3387094,0.5981055
Right:0.3417149,1.319096,0.6137073|-0.03176538,0.5777043,0.7866573,0.2154508
Head:0.5163568,1.385674,0.5435007|0.1578423,-0.8521824,0.1705835,0.4687987
Left:0.565842,1.338261,0.2937119|-0.7130947,0.1037362,-0.3562134,0.5948502
Right:0.3469737,1.323236,0.6233919|-0.02982053,0.5706318,0.7909692,0.2187643
Head:0.5212247,1.384813,0.5487556|0.1558639,-0.8542208,0.1719357,0.4652434
Left:0.5784516,1.343265,0.3027853|-0.7079055,0.09476773,-0.3788184,0.5885452
Right:0.3521535,1.326713,0.6328988|-0.02895628,0.5618814,0.7959558,0.2233947
Head:0.5259539,1.384112,0.5539334|0.1542491,-0.8566193,0.172819,0.4610252
Left:0.5918044,1.347575,0.3100301|-0.7050984,0.09103647,-0.3988295,0.5792096
Right:0.3574685,1.330321,0.6427729|-0.02844684,0.5526268,0.8011068,0.2280841
Head:0.5303854,1.383727,0.5591812|0.1522924,-0.8588433,0.1737834,0.4571593
Left:0.6040467,1.35115,0.3171518|-0.7030209,0.094855,-0.4111067,0.5724993
Right:0.3624469,1.333374,0.652447|-0.03010735,0.5442685,0.8045939,0.2355716
Head:0.5345953,1.383495,0.563967|0.1499376,-0.8606095,0.1754164,0.4539813
Left:0.617322,1.353127,0.3236278|-0.7015598,0.109965,-0.4124029,0.5706535
Right:0.3676037,1.336078,0.661433|-0.03122937,0.5388521,0.8055642,0.2443962
Head:0.5386124,1.383495,0.5687013|0.1480624,-0.861692,0.1776979,0.4516501
Left:0.6297114,1.355785,0.328824|-0.697773,0.1273979,-0.4073,0.5753168
Right:0.3725822,1.33899,0.6697958|-0.03084843,0.5346726,0.8059153,0.2523374
Head:0.542241,1.383981,0.5732243|0.1481468,-0.8615794,0.1807263,0.4506347
Left:0.639913,1.358734,0.3346677|-0.6926309,0.1373401,-0.4041432,0.5814366
Right:0.377467,1.341291,0.6770666|-0.02759073,0.5332637,0.8053906,0.257322
Head:0.5457237,1.384641,0.57741|0.1491935,-0.8608238,0.1842406,0.45031
Left:0.6497317,1.361917,0.3408225|-0.6870325,0.137712,-0.4095749,0.5841833
Right:0.3817315,1.343638,0.6839588|-0.02337463,0.5309853,0.806651,0.2585005
Head:0.548748,1.385878,0.5814381|0.1510181,-0.8591868,0.1886552,0.4509997
Left:0.6591578,1.365651,0.3468963|-0.681669,0.1342333,-0.419505,0.5842297
Right:0.3850514,1.345591,0.6887197|-0.01642129,0.5314415,0.8089036,0.2509485
Head:0.5516878,1.387658,0.5852997|0.1517237,-0.8576142,0.1929078,0.4519562
Left:0.6655841,1.369723,0.3531513|-0.6764104,0.1222381,-0.4352098,0.5814803
Right:0.3882059,1.347905,0.6943035|-0.0128667,0.5298303,0.8109825,0.2478341
Head:0.5544921,1.390187,0.5887566|0.151115,-0.8561384,0.1975943,0.4529325
Left:0.671531,1.3736,0.3588154|-0.6753989,0.1074568,-0.4496255,0.5745661
Right:0.3901053,1.349792,0.697212|-0.01629879,0.5280977,0.8136011,0.2426938
Head:0.5572875,1.393004,0.592097|0.1497211,-0.8551604,0.2017924,0.453392
Left:0.6785918,1.377195,0.3637011|-0.6754863,0.1020527,-0.4554482,0.5708507
Right:0.3917829,1.35163,0.7005365|-0.02652819,0.5242347,0.8160855,0.2418239
Head:0.5601666,1.396432,0.5949383|0.1473269,-0.8547632,0.2054232,0.4532946
Left:0.6837255,1.380143,0.367753|-0.6789391,0.1030186,-0.4499628,0.5709313
Right:0.3932169,1.353493,0.7036791|-0.03770827,0.5204205,0.8179937,0.2421302
Head:0.5630807,1.400285,0.5975187|0.1455413,-0.8546528,0.2084437,0.4527004
Left:0.6898323,1.382591,0.3717563|-0.6806768,0.1068243,-0.4428792,0.5736948
Right:0.3943824,1.354984,0.7048585|-0.05313208,0.5175792,0.8183266,0.2441932
Head:0.5660084,1.404601,0.599894|0.1444767,-0.8549653,0.2104441,0.4515242
Left:0.6944693,1.38511,0.3755519|-0.6814934,0.1161685,-0.426384,0.5833253
Right:0.3956702,1.356417,0.70521|-0.06784601,0.5172763,0.8164822,0.2473439
Head:0.5687886,1.409191,0.6022608|0.1442031,-0.8551692,0.2120556,0.4504704
Left:0.6973891,1.387486,0.3799961|-0.6783982,0.1209444,-0.4119185,0.5962144
Right:0.3968253,1.357783,0.7055109|-0.0795522,0.5170059,0.8150216,0.2492309
Head:0.57166,1.413761,0.6041858|0.1436231,-0.8554861,0.2139431,0.4491595
Left:0.7006957,1.389461,0.3844271|-0.6725116,0.1179611,-0.4107359,0.6042427
Right:0.3980814,1.358833,0.7046814|-0.08753327,0.5173021,0.8142524,0.2484542
Head:0.5747162,1.418451,0.6061237|0.1427923,-0.8562027,0.2152213,0.447445
Left:0.7035456,1.391402,0.3886092|-0.6662615,0.1101978,-0.4204305,0.6059622
Right:0.3991091,1.359103,0.7018645|-0.08170982,0.5212104,0.8154306,0.2381934
Head:0.5776822,1.423214,0.608089|0.1424203,-0.8570294,0.2162253,0.4454927
Left:0.7060511,1.393384,0.3924868|-0.6626301,0.1019081,-0.428176,0.6059716
Right:0.4003906,1.359444,0.6990108|-0.07835616,0.5265113,0.8150461,0.2287925
Head:0.580835,1.427792,0.609606|0.1422521,-0.8582271,0.2165226,0.4430898
Left:0.7073835,1.394656,0.3944123|-0.6646966,0.08608177,-0.4358011,0.6007044
Right:0.4013246,1.359925,0.6962929|-0.07907882,0.5314539,0.8136377,0.2220291
Head:0.5841495,1.432259,0.6110079|0.1422419,-0.8598476,0.2161223,0.4401369
Left:0.7094788,1.396074,0.3963189|-0.6672438,0.07597487,-0.4379278,0.5976895
Right:0.4021465,1.359769,0.6927855|-0.08129008,0.5358256,0.8117834,0.2174642
Head:0.5873045,1.436573,0.6122603|0.1422806,-0.8614677,0.2150983,0.4374499
Left:0.710952,1.396067,0.3964365|-0.6748751,0.07163136,-0.4327679,0.5934007
Right:0.4032682,1.359357,0.6896183|-0.08853549,0.5370429,0.8102883,0.2172078
Head:0.5905345,1.440744,0.6131234|0.1420034,-0.8632016,0.2135818,0.4348573
Left:0.7132719,1.395298,0.395946|-0.6812503,0.07001784,-0.4257659,0.5913705
Right:0.4043701,1.358963,0.6866548|-0.09694201,0.5377356,0.8088564,0.2172419
Head:0.5936263,1.444425,0.6139977|0.1412283,-0.8653913,0.2109361,0.43204
Left:0.7149772,1.393579,0.3938158|-0.688421,0.07517669,-0.4085134,0.5945939
Right:0.4057063,1.358279,0.6838903|-0.1085578,0.5352877,0.8079681,0.2210654
Head:0.5964764,1.447969,0.614887|0.1403363,-0.8676997,0.207812,0.4292051
Left:0.7160081,1.392185,0.3935091|-0.6928299,0.07413905,-0.3992247,0.5959108
Right:0.4074279,1.357825,0.6812842|-0.115487,0.5345791,0.8072546,0.2218737
Head:0.5991997,1.450784,0.6154931|0.1389519,-0.8703043,0.2031714,0.426596
Left:0.7176141,1.388903,0.3920739|-0.6971186,0.06969969,-0.394975,0.5942747
Right:0.4095935,1.357026,0.6785662|-0.1194721,0.5334067,0.8070126,0.2234601
Head:0.6018764,1.453337,0.6159978|0.1369197,-0.8731163,0.1978243,0.4240124
Left:0.718699,1.385931,0.3910744|-0.7000819,0.06036547,-0.3957613,0.5912821
Right:0.4119326,1.355871,0.6762416|-0.1193153,0.5339249,0.8066495,0.2236175
Head:0.6043348,1.45513,0.6162126|0.1340816,-0.8762186,0.1916238,0.421359
Left:0.7192212,1.382063,0.3898456|-0.7026704,0.04839261,-0.3978411,0.5879073
Right:0.4147692,1.354935,0.6733701|-0.1183573,0.5364071,0.805079,0.2238456
Head:0.6066529,1.456351,0.6165645|0.1312451,-0.879411,0.1847234,0.4186743
Left:0.7196935,1.37801,0.3892777|-0.7052371,0.03509941,-0.4006722,0.5838411
Right:0.4173694,1.353544,0.6708095|-0.1174292,0.5382,0.8041404,0.223404
Head:0.6089649,1.4568,0.6166317|0.1277385,-0.8828549,0.1770457,0.4158184
Left:0.7203124,1.373403,0.3879073|-0.7072018,0.02353616,-0.4033265,0.5802063
Right:0.4203597,1.351463,0.6686337|-0.1135655,0.5389286,0.8039092,0.2244746
Head:0.6113996,1.456503,0.6165907|0.1240329,-0.8861839,0.1692729,0.4130869
Left:0.7208793,1.368381,0.3867352|-0.7085462,0.01556672,-0.4040701,0.5783142
Right:0.4231285,1.349528,0.666537|-0.1131187,0.5386369,0.8035876,0.2265425
Head:0.6138754,1.455352,0.6166475|0.1208872,-0.8894385,0.1611298,0.4102715
Left:0.7221919,1.361521,0.3857663|-0.7080629,0.01349498,-0.4027131,0.5799025
Right:0.4259108,1.346637,0.6650982|-0.1143591,0.5367199,0.803471,0.230842
Head:0.6165344,1.45339,0.6165845|0.1178639,-0.8926339,0.1532034,0.4072366
Left:0.7237273,1.354364,0.3844609|-0.7066587,0.01581977,-0.3984241,0.584501
Right:0.4287102,1.343171,0.6637495|-0.1158747,0.5336243,0.8037337,0.2362845
Head:0.6193064,1.450263,0.6163099|0.1152323,-0.8953951,0.1461337,0.4045171
Left:0.7251321,1.347429,0.3831418|-0.7056682,0.01593988,-0.3948222,0.5881273
Right:0.4313611,1.339727,0.662236|-0.1177746,0.5309946,0.8036453,0.2415121
Head:0.6218315,1.446632,0.6161478|0.1141984,-0.8979835,0.1395016,0.4014021
Left:0.7267696,1.339287,0.3815451|-0.7045572,0.01706257,-0.3920193,0.5912942
Right:0.433757,1.335377,0.6602035|-0.1203649,0.5288261,0.803309,0.2460687
Head:0.6245001,1.442625,0.615845|0.113646,-0.9000292,0.1344212,0.3987016
Left:0.727966,1.331355,0.3794456|-0.7041488,0.0160832,-0.3918055,0.5919496
Right:0.4352083,1.330363,0.6581078|-0.1217295,0.5269773,0.8035753,0.2484829
Head:0.626994,1.438313,0.6152718|0.1139805,-0.9016371,0.1312876,0.3960085
Left:0.7288642,1.32401,0.3766723|-0.7049351,0.01304069,-0.3914464,0.5913259
Right:0.4367582,1.326301,0.6558239|-0.1215217,0.5255162,0.8041892,0.2496898
Head:0.6292983,1.434336,0.6146185|0.1146985,-0.9030002,0.1287943,0.393506
Left:0.7293041,1.317013,0.3738151|-0.7063927,0.007780008,-0.3911001,0.5899065
Right:0.4380096,1.321873,0.652792|-0.119923,0.5252885,0.8047558,0.2491155
Head:0.6309903,1.430352,0.6134946|0.1174535,-0.9036688,0.1292479,0.3910018
Left:0.7293199,1.310748,0.3702629|-0.7080097,0.001039391,-0.3906775,0.5882963
Right:0.4390697,1.317757,0.649092|-0.1178545,0.5271311,0.8041198,0.2482628
Head:0.6327176,1.426684,0.6119664|0.1203003,-0.9040384,0.1296082,0.3891582
Left:0.729013,1.304492,0.366694|-0.7096504,-0.005010834,-0.3896067,0.5870075
Right:0.4399483,1.313785,0.6452756|-0.115283,0.5295739,0.8032539,0.247072
Head:0.634144,1.42336,0.6102264|0.1235002,-0.9042119,0.1291748,0.3878949
Left:0.7284541,1.299461,0.3625666|-0.7118393,-0.01141341,-0.3882532,0.5851615
Right:0.4411482,1.310326,0.6406085|-0.1106357,0.5340789,0.8019824,0.2436058
Head:0.6349774,1.420573,0.6080148|0.1270815,-0.9038939,0.1282104,0.3877991
Left:0.7280398,1.295341,0.3585988|-0.7142045,-0.01683929,-0.3863314,0.583418
Right:0.4426413,1.307202,0.6362824|-0.1080085,0.5374738,0.8004064,0.2424988
Head:0.635622,1.418602,0.6055138|0.1300867,-0.9032929,0.1266875,0.3887026
Left:0.727204,1.292188,0.3547614|-0.7160689,-0.02149417,-0.3833278,0.5829606
Right:0.4437293,1.30434,0.6321771|-0.108987,0.5385869,0.7988591,0.2446839
