Head:0,0,0|0,0,0,1
Left:0,0.1519,0|0,0,0,1
Right:0,0.1519,0|0,0,0,1
Head:0,0,0|0,0,0,1
Left:0,0.1519,0|0,0,0,1
Right:0,0.1519,0|0,0,0,1
Head:0.4961712,0.7532965,-1.900876|-0.009937303,0.9910502,0.08608433,0.1015388
Left:0,0.1519,0|0,0,0,1
Right:0,0.1519,0|0,0,0,1
Head:0.4959455,0.7532494,-1.900884|-0.01050443,0.9910922,0.08590914,0.1012203
Left:0.4329296,0.7656169,-2.082749|-0.09277938,0.7285681,0.07648482,0.6743371
Right:0,0.1519,0|0,0,0,1
Head:0.4961187,0.7533523,-1.901033|-0.009837838,0.9910657,0.08596238,0.1015015
Left:0.4332392,0.7658173,-2.082815|-0.0926578,0.7285847,0.0762412,0.6743636
Right:0,0.1519,0|0,0,0,1
Head:0.4961449,0.7533638,-1.900983|-0.009705934,0.9910555,0.08602918,0.1015571
Left:0.4331552,0.7658448,-2.082831|-0.09271415,0.728648,0.07628272,0.6742826
Right:0,0.1519,0|0,0,0,1
Head:0.4961237,0.7533156,-1.900784|-0.009806737,0.9910536,0.08629586,0.1013394
Left:0.4331654,0.7656671,-2.082507|-0.09259193,0.7286242,0.07649827,0.6743008
Right:0,0.1519,0|0,0,0,1
Head:0.4960092,0.7533406,-1.900729|-0.00990802,0.9910426,0.08623834,0.1014865
Left:0.4330178,0.7656673,-2.082448|-0.09261252,0.7286814,0.07653137,0.6742324
Right:0,0.1519,0|0,0,0,1
Head:0.4958824,0.7533399,-1.900673|-0.01019707,0.9910543,0.08624697,0.1013354
Left:0.4328634,0.7657628,-2.082366|-0.09256862,0.7285776,0.07666458,0.6743355
Right:0,0.1519,0|0,0,0,1
Head:0.4958824,0.7533399,-1.900673|-0.01019707,0.9910543,0.08624697,0.1013354
Left:0.4328634,0.7657628,-2.082366|-0.09256862,0.7285776,0.07666458,0.6743355
Right:0,0.1519,0|0,0,0,1
Head:0.4959344,0.753346,-1.900666|-0.01021095,0.9910709,0.08618104,0.1012276
Left:0.4328316,0.7657096,-2.082406|-0.09265105,0.7286519,0.07654587,0.6742573
Right:0,0.1519,0|0,0,0,1
Head:0.4958628,0.7532666,-1.900806|-0.01035513,0.9910844,0.0860316,0.1012081
Left:0.4327675,0.765559,-2.082608|-0.09277737,0.7285993,0.07645101,0.6743075
Right:0,0.1519,0|0,0,0,1
Head:0.4958628,0.7532666,-1.900806|-0.01035513,0.9910844,0.0860316,0.1012081
Left:0.4327675,0.765559,-2.082608|-0.09277737,0.7285993,0.07645101,0.6743075
Right:0,0.1519,0|0,0,0,1
Head:0.4958693,0.7532032,-1.900774|-0.01024809,0.9910734,0.08607732,0.1012878
Left:0.4327506,0.7655561,-2.082639|-0.09283245,0.7286025,0.07639095,0.6743034
Right:0,0.1519,0|0,0,0,1
Head:0.4958693,0.7532032,-1.900774|-0.01024809,0.9910734,0.08607732,0.1012878
Left:0.4327506,0.7655561,-2.082639|-0.09283245,0.7286025,0.07639095,0.6743034
Right:0,0.1519,0|0,0,0,1
Head:0.4959303,0.7532175,-1.900839|-0.01021605,0.9910977,0.08598725,0.1011301
Left:0.4329296,0.765826,-2.082574|-0.09285889,0.7286441,0.07621329,0.6742747
Right:0,0.1519,0|0,0,0,1
Head:0.4959303,0.7532175,-1.900839|-0.01021605,0.9910977,0.08598725,0.1011301
Left:0.4329296,0.765826,-2.082574|-0.09285889,0.7286441,0.07621329,0.6742747
Right:0,0.1519,0|0,0,0,1
Head:0.4961163,0.7533207,-1.900885|-0.0100684,0.9911088,0.0859428,0.1010739
Left:0.4331118,0.7658755,-2.082674|-0.09274203,0.7286541,0.07611424,0.6742913
Right:0,0.1519,0|0,0,0,1
Head:0.4961163,0.7533207,-1.900885|-0.0100684,0.9911088,0.0859428,0.1010739
Left:0.4331118,0.7658755,-2.082674|-0.09274203,0.7286541,0.07611424,0.6742913
Right:0,0.1519,0|0,0,0,1
Head:0.4961525,0.7534441,-1.900997|-0.009971733,0.9911049,0.08588313,0.1011723
Left:0.4330722,0.7659795,-2.082805|-0.09267967,0.7286257,0.07615084,0.6743264
Right:0,0.1519,0|0,0,0,1
Head:0.4961525,0.7534441,-1.900997|-0.009971733,0.9911049,0.08588313,0.1011723
Left:0.4330722,0.7659795,-2.082805|-0.09267967,0.7286257,0.07615084,0.6743264
Right:0,0.1519,0|0,0,0,1
Head:0.4962169,0.7532679,-1.900818|-0.009743474,0.9910783,0.08616357,0.1012166
Left:0.4332553,0.7658108,-2.082719|-0.0923471,0.7285964,0.07625228,0.6743923
Right:0,0.1519,0|0,0,0,1
Head:0.4962169,0.7532679,-1.900818|-0.009743474,0.9910783,0.08616357,0.1012166
Left:0.4332553,0.7658108,-2.082719|-0.0923471,0.7285964,0.07625228,0.6743923
Right:0,0.1519,0|0,0,0,1
Head:0.4961864,0.7533226,-1.900761|-0.009683647,0.9910625,0.08619591,0.1013498
Left:0.4331292,0.7658418,-2.082581|-0.0922825,0.7286075,0.07646388,0.6743652
Right:0,0.1519,0|0,0,0,1
Head:0.4960791,0.7533029,-1.90097|-0.009990394,0.9910736,0.08598465,0.10139
Left:0.4330788,0.7659105,-2.082731|-0.09238691,0.7286096,0.076373,0.6743589
Right:0,0.1519,0|0,0,0,1
Head:0.4960791,0.7533029,-1.90097|-0.009990394,0.9910736,0.08598465,0.10139
Left:0.4330788,0.7659105,-2.082731|-0.09238691,0.7286096,0.076373,0.6743589
Right:0,0.1519,0|0,0,0,1
Head:0.4960703,0.7533128,-1.900964|-0.01009057,0.9910861,0.08604105,0.10121
Left:0.4329326,0.7657933,-2.082921|-0.0926775,0.72857,0.07629014,0.6743711
Right:0,0.1519,0|0,0,0,1
Head:0.4960703,0.7533128,-1.900964|-0.01009057,0.9910861,0.08604105,0.10121
Left:0.4329326,0.7657933,-2.082921|-0.0926775,0.72857,0.07629014,0.6743711
Right:0,0.1519,0|0,0,0,1
Head:0.4960911,0.7534244,-1.900902|-0.0099433,0.9910725,0.0860916,0.1013149
Left:0.4329761,0.7659526,-2.082741|-0.0927119,0.7286518,0.07620551,0.6742876
Right:0,0.1519,0|0,0,0,1
Head:0.4960911,0.7534244,-1.900902|-0.0099433,0.9910725,0.0860916,0.1013149
Left:0.4329761,0.7659526,-2.082741|-0.0927119,0.7286518,0.07620551,0.6742876
Right:0,0.1519,0|0,0,0,1
Head:0.4961554,0.753348,-1.90092|-0.009865819,0.9910673,0.08606987,0.1013919
Left:0.4331222,0.7658596,-2.082774|-0.09269451,0.7286131,0.0760333,0.6743513
Right:0,0.1519,0|0,0,0,1
Head:0.4961554,0.753348,-1.90092|-0.009865819,0.9910673,0.08606987,0.1013919
Left:0.4331222,0.7658596,-2.082774|-0.09269451,0.7286131,0.0760333,0.6743513
Right:0,0.1519,0|0,0,0,1
Head:0.4961022,0.7533625,-1.900905|-0.009880912,0.991049,0.08614861,0.1015023
Left:0.4330863,0.7657986,-2.082774|-0.09264003,0.7286379,0.07600208,0.6743355
Right:0,0.1519,0|0,0,0,1
Head:0.4961022,0.7533625,-1.900905|-0.009880912,0.991049,0.08614861,0.1015023
Left:0.4330863,0.7657986,-2.082774|-0.09264003,0.7286379,0.07600208,0.6743355
Right:0,0.1519,0|0,0,0,1
Head:0.4961067,0.7533693,-1.900814|-0.009886942,0.9910493,0.08618665,0.1014655
Left:0.4330648,0.7657888,-2.082644|-0.09252946,0.7286811,0.07618048,0.6742839
Right:0,0.1519,0|0,0,0,1
Head:0.4960088,0.7533368,-1.900976|-0.01014433,0.9910668,0.08598794,0.101439
Left:0.4329897,0.7658311,-2.082607|-0.09235888,0.7286007,0.07637686,0.6743719
Right:0,0.1519,0|0,0,0,1
Head:0.4960088,0.7533368,-1.900976|-0.01014433,0.9910668,0.08598794,0.101439
Left:0.4329897,0.7658311,-2.082607|-0.09235888,0.7286007,0.07637686,0.6743719
Right:0,0.1519,0|0,0,0,1
Head:0.4959209,0.7533504,-1.900987|-0.01023791,0.991052,0.08605221,0.1015189
Left:0.432795,0.7657461,-2.082709|-0.0924022,0.7286147,0.07648614,0.6743385
Right:0,0.1519,0|0,0,0,1
Head:0.4959209,0.7533504,-1.900987|-0.01023791,0.991052,0.08605221,0.1015189
Left:0.432795,0.7657461,-2.082709|-0.0924022,0.7286147,0.07648614,0.6743385
Right:0,0.1519,0|0,0,0,1
Head:0.4959046,0.7534264,-1.900943|-0.01012301,0.9910464,0.08614264,0.1015087
Left:0.4327911,0.7658246,-2.082602|-0.0924138,0.7286351,0.07649899,0.6743132
Right:0,0.1519,0|0,0,0,1
Head:0.4959046,0.7534264,-1.900943|-0.01012301,0.9910464,0.08614264,0.1015087
Left:0.4327911,0.7658246,-2.082602|-0.0924138,0.7286351,0.07649899,0.6743132
Right:0,0.1519,0|0,0,0,1
Head:0.4958862,0.7534238,-1.900872|-0.01016341,0.9910517,0.08623021,0.1013788
Left:0.4327136,0.7658246,-2.082575|-0.09258278,0.7286087,0.07644131,0.6743252
Right:0,0.1519,0|0,0,0,1
Head:0.4958862,0.7534238,-1.900872|-0.01016341,0.9910517,0.08623021,0.1013788
Left:0.4327136,0.7658246,-2.082575|-0.09258278,0.7286087,0.07644131,0.6743252
Right:0,0.1519,0|0,0,0,1
Head:0.4959196,0.753363,-1.900766|-0.01013331,0.991059,0.08630976,0.1012425
Left:0.4328046,0.7657856,-2.082595|-0.09266154,0.7286779,0.07618561,0.6742687
Right:0,0.1519,0|0,0,0,1
Head:0.4959196,0.753363,-1.900766|-0.01013331,0.991059,0.08630976,0.1012425
Left:0.4328046,0.7657856,-2.082595|-0.09266154,0.7286779,0.07618561,0.6742687
Right:0,0.1519,0|0,0,0,1
Head:0.4959186,0.7532898,-1.90084|-0.0101883,0.9910684,0.08620653,0.1012324
Left:0.4328567,0.7656666,-2.082546|-0.09266246,0.7286843,0.07616846,0.6742635
Right:0,0.1519,0|0,0,0,1
Head:0.4959309,0.7532598,-1.900831|-0.01021532,0.9910725,0.08620594,0.1011909
Left:0.4328117,0.7656305,-2.082489|-0.09255727,0.7287034,0.0763185,0.6742403
Right:0,0.1519,0|0,0,0,1
Head:0.4959309,0.7532598,-1.900831|-0.01021532,0.9910725,0.08620594,0.1011909
Left:0.4328117,0.7656305,-2.082489|-0.09255727,0.7287034,0.0763185,0.6742403
Right:0,0.1519,0|0,0,0,1
Head:0.4960181,0.7532063,-1.900921|-0.009996358,0.9910809,0.08604494,0.1012675
Left:0.432971,0.7655691,-2.082429|-0.09245329,0.7287316,0.07632973,0.6742229
Right:0,0.1519,0|0,0,0,1
Head:0.4960181,0.7532063,-1.900921|-0.009996358,0.9910809,0.08604494,0.1012675
Left:0.432971,0.7655691,-2.082429|-0.09245329,0.7287316,0.07632973,0.6742229
Right:0,0.1519,0|0,0,0,1
Head:0.4959613,0.7531822,-1.901019|-0.0101436,0.9910845,0.08600796,0.1012493
Left:0.4330639,0.7655164,-2.08271|-0.09236336,0.7286633,0.07627774,0.6743149
Right:0,0.1519,0|0,0,0,1
Head:0.4959613,0.7531822,-1.901019|-0.0101436,0.9910845,0.08600796,0.1012493
Left:0.4330639,0.7655164,-2.08271|-0.09236336,0.7286633,0.07627774,0.6743149
Right:0,0.1519,0|0,0,0,1
Head:0.4960384,0.753263,-1.90087|-0.01001944,0.9910825,0.08619625,0.1011204
Left:0.432883,0.7655377,-2.082578|-0.09232685,0.728654,0.07654456,0.6742997
Right:0,0.1519,0|0,0,0,1
Head:0.4960384,0.753263,-1.90087|-0.01001944,0.9910825,0.08619625,0.1011204
Left:0.432883,0.7655377,-2.082578|-0.09232685,0.728654,0.07654456,0.6742997
Right:0,0.1519,0|0,0,0,1
Head:0.4961365,0.753178,-1.900815|-0.009889956,0.9910831,0.08631243,0.1010278
Left:0.4332689,0.7656677,-2.082465|-0.09222773,0.7287233,0.07638296,0.6742566
Right:0,0.1519,0|0,0,0,1
Head:0.4961365,0.753178,-1.900815|-0.009889956,0.9910831,0.08631243,0.1010278
Left:0.4332689,0.7656677,-2.082465|-0.09222773,0.7287233,0.07638296,0.6742566
Right:0,0.1519,0|0,0,0,1
Head:0.4961559,0.7531059,-1.900882|-0.01000008,0.9910907,0.08624516,0.101
Left:0.4332763,0.7655421,-2.08255|-0.0924782,0.7287468,0.07620127,0.6742176
Right:0,0.1519,0|0,0,0,1
Head:0.4961559,0.7531059,-1.900882|-0.01000008,0.9910907,0.08624516,0.101
Left:0.4332763,0.7655421,-2.08255|-0.0924782,0.7287468,0.07620127,0.6742176
Right:0,0.1519,0|0,0,0,1
Head:0.4962739,0.7532094,-1.900963|-0.009777064,0.9910854,0.08618675,0.1011244
Left:0.4334192,0.7657039,-2.082734|-0.09260122,0.7287205,0.07591306,0.6742616
Right:0,0.1519,0|0,0,0,1
Head:0.4961952,0.7532734,-1.900857|-0.009997849,0.9910878,0.08627842,0.1010005
Left:0.4332658,0.7658485,-2.08279|-0.09275119,0.7287177,0.07589937,0.6742455
Right:0,0.1519,0|0,0,0,1
Head:0.4961952,0.7532734,-1.900857|-0.009997849,0.9910878,0.08627842,0.1010005
Left:0.4332658,0.7658485,-2.08279|-0.09275119,0.7287177,0.07589937,0.6742455
Right:0,0.1519,0|0,0,0,1
Head:0.4960908,0.7532494,-1.900928|-0.01027931,0.9910899,0.08622339,0.1009979
Left:0.4331319,0.7656468,-2.082632|-0.09262946,0.7287268,0.0762172,0.6742166
Right:0,0.1519,0|0,0,0,1
Head:0.4960908,0.7532494,-1.900928|-0.01027931,0.9910899,0.08622339,0.1009979
Left:0.4331319,0.7656468,-2.082632|-0.09262946,0.7287268,0.0762172,0.6742166
Right:0,0.1519,0|0,0,0,1
Head:0.4961234,0.7533333,-1.900849|-0.01008319,0.9910909,0.08622961,0.1010029
Left:0.432984,0.7657831,-2.082592|-0.09254991,0.7286459,0.07643356,0.6742905
Right:0,0.1519,0|0,0,0,1
Head:0.4961234,0.7533333,-1.900849|-0.01008319,0.9910909,0.08622961,0.1010029
Left:0.432984,0.7657831,-2.082592|-0.09254991,0.7286459,0.07643356,0.6742905
Right:0,0.1519,0|0,0,0,1
Head:0.4961048,0.7533789,-1.900941|-0.01005433,0.9910883,0.08615034,0.1010988
Left:0.4330705,0.7658926,-2.082503|-0.09232052,0.7286427,0.07654345,0.6743129
Right:0,0.1519,0|0,0,0,1
Head:0.4961048,0.7533789,-1.900941|-0.01005433,0.9910883,0.08615034,0.1010988
Left:0.4330705,0.7658926,-2.082503|-0.09232052,0.7286427,0.07654345,0.6743129
Right:0,0.1519,0|0,0,0,1
Head:0.4960219,0.753211,-1.900916|-0.01000604,0.9910612,0.08624758,0.1012867
Left:0.4328564,0.7657912,-2.082667|-0.09244862,0.7286038,0.07660118,0.6743308
Right:0,0.1519,0|0,0,0,1
Head:0.4960297,0.7532369,-1.900972|-0.009922297,0.9910561,0.08620991,0.1013761
Left:0.4330097,0.7656138,-2.082641|-0.09247706,0.7286242,0.07650863,0.6743154
Right:0,0.1519,0|0,0,0,1
Head:0.4960297,0.7532369,-1.900972|-0.009922297,0.9910561,0.08620991,0.1013761
Left:0.4330097,0.7656138,-2.082641|-0.09247706,0.7286242,0.07650863,0.6743154
Right:0,0.1519,0|0,0,0,1
Head:0.4960471,0.7532651,-1.901011|-0.009924549,0.9910644,0.08617231,0.1013269
Left:0.4330145,0.7656578,-2.08267|-0.0927039,0.7286603,0.07625375,0.6742741
Right:0,0.1519,0|0,0,0,1
Head:0.4960471,0.7532651,-1.901011|-0.009924549,0.9910644,0.08617231,0.1013269
Left:0.4330145,0.7656578,-2.08267|-0.0927039,0.7286603,0.07625375,0.6742741
Right:0,0.1519,0|0,0,0,1
Head:0.4960318,0.7533436,-1.900938|-0.009801418,0.9910578,0.08619659,0.1013833
Left:0.4330419,0.7657955,-2.082728|-0.09281985,0.7286609,0.07614918,0.6742693
Right:0,0.1519,0|0,0,0,1
Head:0.4960318,0.7533436,-1.900938|-0.009801418,0.9910578,0.08619659,0.1013833
Left:0.4330419,0.7657955,-2.082728|-0.09281985,0.7286609,0.07614918,0.6742693
Right:0,0.1519,0|0,0,0,1
Head:0.4959415,0.7532395,-1.901012|-0.01010238,0.9910663,0.08610978,0.1013449
Left:0.4330233,0.7657636,-2.082788|-0.09278974,0.728673,0.07613342,0.6742621
Right:0,0.1519,0|0,0,0,1
Head:0.4959415,0.7532395,-1.901012|-0.01010238,0.9910663,0.08610978,0.1013449
Left:0.4330233,0.7657636,-2.082788|-0.09278974,0.728673,0.07613342,0.6742621
Right:0,0.1519,0|0,0,0,1
Head:0.4958459,0.75325,-1.901038|-0.01003653,0.9910523,0.08610068,0.101495
Left:0.4329144,0.7657408,-2.082759|-0.0926884,0.7286479,0.07628883,0.6742857
Right:0,0.1519,0|0,0,0,1
Head:0.4958459,0.75325,-1.901038|-0.01003653,0.9910523,0.08610068,0.101495
Left:0.4329144,0.7657408,-2.082759|-0.0926884,0.7286479,0.07628883,0.6742857
Right:0,0.1519,0|0,0,0,1
Head:0.4960335,0.7532139,-1.900946|-0.009740416,0.9910557,0.08618796,0.1014175
Left:0.433068,0.7658253,-2.082808|-0.09236529,0.7285957,0.07641105,0.6743726
Right:0,0.1519,0|0,0,0,1
Head:0.4960004,0.7531394,-1.900817|-0.009871859,0.9910533,0.08629879,0.1013328
Left:0.4332033,0.7656265,-2.082557|-0.09218588,0.7286366,0.07657488,0.6743344
Right:0,0.1519,0|0,0,0,1
Head:0.4960004,0.7531394,-1.900817|-0.009871859,0.9910533,0.08629879,0.1013328
Left:0.4332033,0.7656265,-2.082557|-0.09218588,0.7286366,0.07657488,0.6743344
Right:0,0.1519,0|0,0,0,1
Head:0.4961145,0.7530527,-1.900778|-0.009688262,0.9910572,0.0862899,0.1013202
Left:0.4332417,0.7654908,-2.08257|-0.09229077,0.7286499,0.07643478,0.6743216
Right:0,0.1519,0|0,0,0,1
Head:0.4961145,0.7530527,-1.900778|-0.009688262,0.9910572,0.0862899,0.1013202
Left:0.4332417,0.7654908,-2.08257|-0.09229077,0.7286499,0.07643478,0.6743216
Right:0,0.1519,0|0,0,0,1
Head:0.4960952,0.7531688,-1.900679|-0.009709771,0.9910504,0.08634221,0.1013402
Left:0.4332118,0.7655832,-2.082532|-0.09241332,0.7287067,0.07624887,0.6742644
Right:0,0.1519,0|0,0,0,1
Head:0.4960952,0.7531688,-1.900679|-0.009709771,0.9910504,0.08634221,0.1013402
Left:0.4332118,0.7655832,-2.082532|-0.09241332,0.7287067,0.07624887,0.6742644
Right:0,0.1519,0|0,0,0,1
Head:0.4961746,0.7532443,-1.900727|-0.009578437,0.9910535,0.08623963,0.1014096
Left:0.4333409,0.7657744,-2.082676|-0.09252052,0.7287173,0.07602413,0.6742636
Right:0,0.1519,0|0,0,0,1
Head:0.4961746,0.7532443,-1.900727|-0.009578437,0.9910535,0.08623963,0.1014096
Left:0.4333409,0.7657744,-2.082676|-0.09252052,0.7287173,0.07602413,0.6742636
Right:0,0.1519,0|0,0,0,1
Head:0.4962238,0.7532994,-1.900827|-0.009468911,0.9910477,0.08612465,0.1015742
Left:0.4333279,0.7657455,-2.082661|-0.09259269,0.7287186,0.07595388,0.6742601
Right:0,0.1519,0|0,0,0,1
Head:0.4962238,0.7532994,-1.900827|-0.009468911,0.9910477,0.08612465,0.1015742
Left:0.4333279,0.7657455,-2.082661|-0.09259269,0.7287186,0.07595388,0.6742601
Right:0,0.1519,0|0,0,0,1
Head:0.4962324,0.7534065,-1.900823|-0.009621898,0.9910491,0.08608346,0.1015812
Left:0.4332961,0.7658632,-2.082772|-0.09251508,0.7286419,0.07607797,0.6743398
Right:0,0.1519,0|0,0,0,1
Head:0.4962324,0.7534065,-1.900823|-0.009621898,0.9910491,0.08608346,0.1015812
Left:0.4332961,0.7658632,-2.082772|-0.09251508,0.7286419,0.07607797,0.6743398
Right:0,0.1519,0|0,0,0,1
Head:0.49621,0.7533941,-1.900835|-0.00973659,0.9910548,0.08606087,0.1015337
Left:0.4331862,0.7658373,-2.082643|-0.09237821,0.728664,0.07645433,0.6742922
Right:0,0.1519,0|0,0,0,1
Head:0.4962749,0.7534096,-1.900872|-0.009666706,0.9910557,0.08602338,0.101564
Left:0.4332594,0.7657784,-2.082605|-0.09214842,0.7286529,0.0764915,0.6743314
Right:0,0.1519,0|0,0,0,1
Head:0.4962749,0.7534096,-1.900872|-0.009666706,0.9910557,0.08602338,0.101564
Left:0.4332594,0.7657784,-2.082605|-0.09214842,0.7286529,0.0764915,0.6743314
Right:0,0.1519,0|0,0,0,1
Head:0.4961149,0.7533883,-1.9009|-0.009742711,0.9910388,0.08599263,0.1017473
Left:0.4330581,0.7657863,-2.082728|-0.09234682,0.7286035,0.07643824,0.6743636
Right:0,0.1519,0|0,0,0,1
Head:0.4961149,0.7533883,-1.9009|-0.009742711,0.9910388,0.08599263,0.1017473
Left:0.4330581,0.7657863,-2.082728|-0.09234682,0.7286035,0.07643824,0.6743636
Right:0,0.1519,0|0,0,0,1
Head:0.4959859,0.7531995,-1.900798|-0.0102851,0.9910553,0.08608191,0.1014575
Left:0.4329494,0.7657018,-2.082603|-0.09261529,0.7286865,0.07637618,0.674244
Right:0,0.1519,0|0,0,0,1
Head:0.4959859,0.7531995,-1.900798|-0.0102851,0.9910553,0.08608191,0.1014575
Left:0.4329494,0.7657018,-2.082603|-0.09261529,0.7286865,0.07637618,0.674244
Right:0,0.1519,0|0,0,0,1
Head:0.4960401,0.7532063,-1.900875|-0.01021751,0.9910748,0.08604823,0.1013017
Left:0.4329809,0.7657149,-2.082678|-0.09279472,0.7287127,0.07619212,0.674212
Right:0,0.1519,0|0,0,0,1
Head:0.4960401,0.7532063,-1.900875|-0.01021751,0.9910748,0.08604823,0.1013017
Left:0.4329809,0.7657149,-2.082678|-0.09279472,0.7287127,0.07619212,0.674212
Right:0,0.1519,0|0,0,0,1
Head:0.4960488,0.7533817,-1.900842|-0.01011491,0.9910856,0.08599523,0.101252
Left:0.4330431,0.7657578,-2.08253|-0.09292357,0.7287467,0.07605608,0.6741728
Right:0,0.1519,0|0,0,0,1
Head:0.4960488,0.7533817,-1.900842|-0.01011491,0.9910856,0.08599523,0.101252
Left:0.4330431,0.7657578,-2.08253|-0.09292357,0.7287467,0.07605608,0.6741728
Right:0,0.1519,0|0,0,0,1
Head:0.4960278,0.7534239,-1.900897|-0.01013919,0.9910842,0.08593776,0.1013117
Left:0.4329721,0.7660152,-2.082721|-0.09307988,0.728729,0.07591558,0.6741863
Right:0,0.1519,0|0,0,0,1
Head:0.4958557,0.7535491,-1.900995|-0.01015607,0.991075,0.08587905,0.1014496
Left:0.4327923,0.7661504,-2.0827|-0.09294077,0.7286717,0.07619833,0.6742354
Right:0,0.1519,0|0,0,0,1
Head:0.4958557,0.7535491,-1.900995|-0.01015607,0.991075,0.08587905,0.1014496
Left:0.4327923,0.7661504,-2.0827|-0.09294077,0.7286717,0.07619833,0.6742354
Right:0,0.1519,0|0,0,0,1
Head:0.495814,0.7535927,-1.90092|-0.01000306,0.9910491,0.08597191,0.1016394
Left:0.4326581,0.7661815,-2.082617|-0.09248842,0.7286294,0.07655935,0.6743025
Right:0,0.1519,0|0,0,0,1
Head:0.495814,0.7535927,-1.90092|-0.01000306,0.9910491,0.08597191,0.1016394
Left:0.4326581,0.7661815,-2.082617|-0.09248842,0.7286294,0.07655935,0.6743025
Right:0,0.1519,0|0,0,0,1
Head:0.495828,0.7536858,-1.901099|-0.009821921,0.9910498,0.08584121,0.1017599
Left:0.4328418,0.7661338,-2.082879|-0.09223445,0.7286078,0.07652495,0.6743645
Right:0,0.1519,0|0,0,0,1
Head:0.495828,0.7536858,-1.901099|-0.009821921,0.9910498,0.08584121,0.1017599
Left:0.4328418,0.7661338,-2.082879|-0.09223445,0.7286078,0.07652495,0.6743645
Right:0,0.1519,0|0,0,0,1
Head:0.4959491,0.7535292,-1.900937|-0.009668246,0.9910337,0.08615112,0.1016701
Left:0.4330275,0.7659332,-2.082839|-0.09224627,0.7285738,0.07639568,0.6744142
Right:0,0.1519,0|0,0,0,1
Head:0.4959491,0.7535292,-1.900937|-0.009668246,0.9910337,0.08615112,0.1016701
Left:0.4330275,0.7659332,-2.082839|-0.09224627,0.7285738,0.07639568,0.6744142
Right:0,0.1519,0|0,0,0,1
Head:0.49588,0.7535477,-1.900963|-0.009848434,0.99104,0.08602493,0.1016982
Left:0.4328659,0.7658559,-2.082719|-0.09257748,0.7286398,0.07628364,0.6743101
Right:0,0.1519,0|0,0,0,1
Head:0.4958123,0.7534189,-1.90105|-0.01014506,0.9910625,0.08587515,0.1015761
Left:0.4326648,0.7656889,-2.082918|-0.0929774,0.728651,0.07601909,0.6742729
Right:0,0.1519,0|0,0,0,1
Head:0.4958123,0.7534189,-1.90105|-0.01014506,0.9910625,0.08587515,0.1015761
Left:0.4326648,0.7656889,-2.082918|-0.0929774,0.728651,0.07601909,0.6742729
Right:0,0.1519,0|0,0,0,1
Head:0.4957775,0.7534622,-1.901197|-0.01006914,0.9910609,0.0857945,0.1016675
Left:0.4326499,0.7657661,-2.083238|-0.09325445,0.7285916,0.07578798,0.674325
Right:0,0.1519,0|0,0,0,1
Head:0.4957775,0.7534622,-1.901197|-0.01006914,0.9910609,0.0857945,0.1016675
Left:0.4326499,0.7657661,-2.083238|-0.09325445,0.7285916,0.07578798,0.674325
Right:0,0.1519,0|0,0,0,1
Head:0.4958159,0.7535114,-1.901196|-0.009919292,0.9910559,0.08584824,0.1016852
Left:0.4328123,0.7659703,-2.083187|-0.09310024,0.7286622,0.07564554,0.6742859
Right:0,0.1519,0|0,0,0,1
Head:0.4958159,0.7535114,-1.901196|-0.009919292,0.9910559,0.08584824,0.1016852
Left:0.4328123,0.7659703,-2.083187|-0.09310024,0.7286622,0.07564554,0.6742859
Right:0,0.1519,0|0,0,0,1
Head:0.4957424,0.7535264,-1.901186|-0.009924549,0.9910576,0.08586482,0.1016542
Left:0.4328374,0.7659752,-2.083058|-0.09274191,0.7286414,0.07604799,0.6743125
Right:0,0.1519,0|0,0,0,1
Head:0.4957424,0.7535264,-1.901186|-0.009924549,0.9910576,0.08586482,0.1016542
Left:0.4328374,0.7659752,-2.083058|-0.09274191,0.7286414,0.07604799,0.6743125
Right:0,0.1519,0|0,0,0,1
Head:0.4957289,0.7534577,-1.901057|-0.009991887,0.9910558,0.0860581,0.101502
Left:0.4327303,0.7659096,-2.082829|-0.09233479,0.7286442,0.07648433,0.674316
Right:0,0.1519,0|0,0,0,1
Head:0.4957289,0.7534577,-1.901057|-0.009991887,0.9910558,0.0860581,0.101502
Left:0.4327303,0.7659096,-2.082829|-0.09233479,0.7286442,0.07648433,0.674316
Right:0,0.1519,0|0,0,0,1
Head:0.4959718,0.7533686,-1.900972|-0.009672869,0.9910576,0.08609731,0.1014815
Left:0.432953,0.7659705,-2.082747|-0.09201632,0.7286649,0.0765704,0.6743274
Right:0,0.1519,0|0,0,0,1
Head:0.4959718,0.7533686,-1.900972|-0.009672869,0.9910576,0.08609731,0.1014815
Left:0.432953,0.7659705,-2.082747|-0.09201632,0.7286649,0.0765704,0.6743274
Right:0,0.1519,0|0,0,0,1
Head:0.4958664,0.7532605,-1.901002|-0.009871104,0.9910622,0.08606407,0.1014462
Left:0.4330409,0.7656996,-2.082776|-0.09228358,0.7286232,0.07635666,0.6743602
Right:0,0.1519,0|0,0,0,1
Head:0.4958144,0.7532992,-1.901005|-0.009920044,0.9910735,0.08598915,0.1013947
Left:0.432861,0.7657543,-2.082835|-0.09262495,0.7286716,0.07615951,0.6742835
Right:0,0.1519,0|0,0,0,1
Head:0.4958144,0.7532992,-1.901005|-0.009920044,0.9910735,0.08598915,0.1013947
Left:0.432861,0.7657543,-2.082835|-0.09262495,0.7286716,0.07615951,0.6742835
Right:0,0.1519,0|0,0,0,1
Head:0.4958597,0.7532406,-1.900936|-0.009747298,0.9910603,0.08613062,0.1014198
Left:0.4328427,0.7658101,-2.08279|-0.09282923,0.7287084,0.07594176,0.67424
Right:0,0.1519,0|0,0,0,1
Head:0.4958597,0.7532406,-1.900936|-0.009747298,0.9910603,0.08613062,0.1014198
Left:0.4328427,0.7658101,-2.08279|-0.09282923,0.7287084,0.07594176,0.67424
Right:0,0.1519,0|0,0,0,1
Head:0.4959549,0.7533332,-1.900939|-0.009626542,0.9910551,0.08607914,0.1015262
Left:0.4330779,0.7658423,-2.082742|-0.09279243,0.7287223,0.07581731,0.6742442
Right:0,0.1519,0|0,0,0,1
Head:0.4959549,0.7533332,-1.900939|-0.009626542,0.9910551,0.08607914,0.1015262
Left:0.4330779,0.7658423,-2.082742|-0.09279243,0.7287223,0.07581731,0.6742442
Right:0,0.1519,0|0,0,0,1
Head:0.4959488,0.7534368,-1.901064|-0.009690569,0.9910511,0.08603091,0.1015996
Left:0.4330896,0.7659147,-2.082879|-0.09270632,0.7286539,0.0758122,0.6743304
Right:0,0.1519,0|0,0,0,1
Head:0.4959488,0.7534368,-1.901064|-0.009690569,0.9910511,0.08603091,0.1015996
Left:0.4330896,0.7659147,-2.082879|-0.09270632,0.7286539,0.0758122,0.6743304
Right:0,0.1519,0|0,0,0,1
Head:0.4959778,0.7534622,-1.901001|-0.009554293,0.9910457,0.08601324,0.1016807
Left:0.4330024,0.7660686,-2.082784|-0.09253916,0.7286268,0.0761092,0.6743492
Right:0,0.1519,0|0,0,0,1
Head:0.4959778,0.7534622,-1.901001|-0.009554293,0.9910457,0.08601324,0.1016807
Left:0.4330024,0.7660686,-2.082784|-0.09253916,0.7286268,0.0761092,0.6743492
Right:0,0.1519,0|0,0,0,1
Head:0.4959396,0.7534837,-1.900956|-0.009565983,0.9910265,0.08605697,0.1018297
Left:0.4331211,0.7659202,-2.082729|-0.09214506,0.7286342,0.07637603,0.6743651
Right:0,0.1519,0|0,0,0,1
Head:0.4959396,0.7534837,-1.900956|-0.009565983,0.9910265,0.08605697,0.1018297
Left:0.4331211,0.7659202,-2.082729|-0.09214506,0.7286342,0.07637603,0.6743651
Right:0,0.1519,0|0,0,0,1
Head:0.4960033,0.7534425,-1.900859|-0.00967595,0.9910371,0.08609298,0.1016852
Left:0.4330736,0.7658589,-2.082584|-0.09200754,0.7285891,0.07655838,0.6744118
Right:0,0.1519,0|0,0,0,1
Head:0.4959399,0.7534895,-1.90088|-0.009720507,0.9910412,0.08609108,0.1016419
Left:0.4329042,0.765883,-2.082643|-0.09234819,0.7286119,0.07634158,0.6743653
Right:0,0.1519,0|0,0,0,1
Head:0.4959399,0.7534895,-1.90088|-0.009720507,0.9910412,0.08609108,0.1016419
Left:0.4329042,0.765883,-2.082643|-0.09234819,0.7286119,0.07634158,0.6743653
Right:0,0.1519,0|0,0,0,1
Head:0.4960227,0.753461,-1.900848|-0.009876386,0.9910563,0.0861012,0.1014711
Left:0.4329046,0.7659023,-2.082586|-0.09270422,0.7286953,0.07595084,0.6742704
Right:0,0.1519,0|0,0,0,1
Head:0.4960227,0.753461,-1.900848|-0.009876386,0.9910563,0.0861012,0.1014711
Left:0.4329046,0.7659023,-2.082586|-0.09270422,0.7286953,0.07595084,0.6742704
Right:0,0.1519,0|0,0,0,1
Head:0.496049,0.7534633,-1.900714|-0.009910276,0.9910663,0.08613988,0.1013376
Left:0.4329427,0.7658689,-2.082502|-0.09281475,0.7286943,0.07584089,0.6742687
Right:0,0.1519,0|0,0,0,1
Head:0.496049,0.7534633,-1.900714|-0.009910276,0.9910663,0.08613988,0.1013376
Left:0.4329427,0.7658689,-2.082502|-0.09281475,0.7286943,0.07584089,0.6742687
Right:0,0.1519,0|0,0,0,1
Head:0.4961063,0.7533132,-1.900733|-0.009928303,0.9910714,0.0861051,0.1013158
Left:0.4329903,0.7656922,-2.082491|-0.09278324,0.7287151,0.07584526,0.6742501
Right:0,0.1519,0|0,0,0,1
Head:0.4961489,0.753245,-1.900962|-0.00998368,0.991083,0.08589561,0.1013742
Left:0.4329765,0.7656505,-2.082759|-0.09262841,0.7286173,0.07607935,0.6743507
Right:0,0.1519,0|0,0,0,1
Head:0.4961489,0.753245,-1.900962|-0.00998368,0.991083,0.08589561,0.1013742
Left:0.4329765,0.7656505,-2.082759|-0.09262841,0.7286173,0.07607935,0.6743507
Right:0,0.1519,0|0,0,0,1
Head:0.4961846,0.753216,-1.900978|-0.009915536,0.9910675,0.08592224,0.1015103
Left:0.4330565,0.7655636,-2.082665|-0.09225685,0.7285619,0.07638505,0.6744269
Right:0,0.1519,0|0,0,0,1
Head:0.4961846,0.753216,-1.900978|-0.009915536,0.9910675,0.08592224,0.1015103
Left:0.4330565,0.7655636,-2.082665|-0.09225685,0.7285619,0.07638505,0.6744269
Right:0,0.1519,0|0,0,0,1
Head:0.4961895,0.7532504,-1.900913|-0.009891463,0.9910695,0.08590837,0.1015047
Left:0.4331787,0.7657267,-2.082576|-0.09227911,0.7286116,0.07625019,0.6743854
Right:0,0.1519,0|0,0,0,1
Head:0.4961895,0.7532504,-1.900913|-0.009891463,0.9910695,0.08590837,0.1015047
Left:0.4331787,0.7657267,-2.082576|-0.09227911,0.7286116,0.07625019,0.6743854
Right:0,0.1519,0|0,0,0,1
Head:0.496127,0.7533191,-1.900898|-0.009803697,0.9910242,0.08600596,0.1018718
Left:0.4333216,0.7658299,-2.082817|-0.09248227,0.7286047,0.07589771,0.6744048
Right:0,0.1519,0|0,0,0,1
Head:0.496127,0.7533191,-1.900898|-0.009803697,0.9910242,0.08600596,0.1018718
Left:0.4333216,0.7658299,-2.082817|-0.09248227,0.7286047,0.07589771,0.6744048
Right:0,0.1519,0|0,0,0,1
Head:0.4961073,0.7533151,-1.901036|-0.009921546,0.991044,0.0857919,0.1018483
Left:0.4331834,0.7658998,-2.08295|-0.09272628,0.7285868,0.07573329,0.6744091
Right:0,0.1519,0|0,0,0,1
Head:0.4961073,0.7533151,-1.901036|-0.009921546,0.991044,0.0857919,0.1018483
Left:0.4331834,0.7658998,-2.08295|-0.09272628,0.7285868,0.07573329,0.6744091
Right:0,0.1519,0|0,0,0,1
Head:0.4961338,0.7533529,-1.901077|-0.009969492,0.9910523,0.08577558,0.1017769
Left:0.4330999,0.7658409,-2.083091|-0.09280155,0.7285901,0.07577451,0.6743906
Right:0,0.1519,0|0,0,0,1
Head:0.4960833,0.753364,-1.901012|-0.009990394,0.9910323,0.08588182,0.1018794
Left:0.4331597,0.765908,-2.082996|-0.09260709,0.7286036,0.07598772,0.6743787
Right:0,0.1519,0|0,0,0,1
Head:0.4960833,0.753364,-1.901012|-0.009990394,0.9910323,0.08588182,0.1018794
Left:0.4331597,0.765908,-2.082996|-0.09260709,0.7286036,0.07598772,0.6743787
Right:0,0.1519,0|0,0,0,1
Head:0.4959821,0.753358,-1.900928|-0.01036304,0.9910462,0.08593759,0.1016601
Left:0.4329273,0.765919,-2.082781|-0.09256525,0.7286254,0.07630513,0.674325
Right:0,0.1519,0|0,0,0,1
Head:0.4959821,0.753358,-1.900928|-0.01036304,0.9910462,0.08593759,0.1016601
Left:0.4329273,0.765919,-2.082781|-0.09256525,0.7286254,0.07630513,0.674325
Right:0,0.1519,0|0,0,0,1
Head:0.4960247,0.7534007,-1.901|-0.01031548,0.9910586,0.08588,0.1015924
Left:0.4329423,0.7658466,-2.08286|-0.09258198,0.7285741,0.07636603,0.6743712
Right:0,0.1519,0|0,0,0,1
Head:0.4960247,0.7534007,-1.901|-0.01031548,0.9910586,0.08588,0.1015924
Left:0.4329423,0.7658466,-2.08286|-0.09258198,0.7285741,0.07636603,0.6743712
Right:0,0.1519,0|0,0,0,1
Head:0.4959908,0.7534333,-1.900791|-0.01025826,0.9910779,0.08598153,0.1013237
Left:0.4330868,0.7657671,-2.082599|-0.09247977,0.7286597,0.07645374,0.6742828
Right:0,0.1519,0|0,0,0,1
Head:0.4959908,0.7534333,-1.900791|-0.01025826,0.9910779,0.08598153,0.1013237
Left:0.4330868,0.7657671,-2.082599|-0.09247977,0.7286597,0.07645374,0.6742828
Right:0,0.1519,0|0,0,0,1
Head:0.4959658,0.7534995,-1.900827|-0.01026915,0.9910567,0.08607896,0.1014473
Left:0.4331228,0.7657595,-2.082694|-0.09257442,0.7286509,0.07638281,0.6742874
Right:0,0.1519,0|0,0,0,1
Head:0.4959658,0.7534995,-1.900827|-0.01026915,0.9910567,0.08607896,0.1014473
Left:0.4331228,0.7657595,-2.082694|-0.09257442,0.7286509,0.07638281,0.6742874
Right:0,0.1519,0|0,0,0,1
Head:0.4960483,0.7536198,-1.900918|-0.01032415,0.9910963,0.08591036,0.1011978
Left:0.4332689,0.7658445,-2.0828|-0.09263079,0.7286998,0.07636267,0.6742292
Right:0,0.1519,0|0,0,0,1
Head:0.4960483,0.7536198,-1.900918|-0.01032415,0.9910963,0.08591036,0.1011978
Left:0.4332689,0.7658445,-2.0828|-0.09263079,0.7286998,0.07636267,0.6742292
Right:0,0.1519,0|0,0,0,1
Head:0.4960198,0.7535588,-1.900956|-0.01047531,0.9911003,0.08589796,0.1011541
Left:0.4332739,0.7657095,-2.082739|-0.09275556,0.7287111,0.07638428,0.6741974
Right:0,0.1519,0|0,0,0,1
Head:0.4960173,0.75354,-1.900933|-0.01053347,0.9911054,0.0859597,0.1010455
Left:0.433165,0.7658027,-2.082743|-0.0929362,0.7287265,0.07641655,0.6741521
Right:0,0.1519,0|0,0,0,1
Head:0.4960173,0.75354,-1.900933|-0.01053347,0.9911054,0.0859597,0.1010455
Left:0.433165,0.7658027,-2.082743|-0.0929362,0.7287265,0.07641655,0.6741521
Right:0,0.1519,0|0,0,0,1
Head:0.4960517,0.7535145,-1.900958|-0.01033352,0.9910993,0.08599817,0.1010926
Left:0.4331936,0.7658429,-2.082764|-0.09287433,0.7287316,0.07656436,0.6741383
Right:0,0.1519,0|0,0,0,1
Head:0.4960517,0.7535145,-1.900958|-0.01033352,0.9910993,0.08599817,0.1010926
Left:0.4331936,0.7658429,-2.082764|-0.09287433,0.7287316,0.07656436,0.6741383
Right:0,0.1519,0|0,0,0,1
Head:0.4958571,0.7533897,-1.901052|-0.01059975,0.9911025,0.08591843,0.1011013
Left:0.4329771,0.7655522,-2.082754|-0.09292274,0.7286753,0.07680053,0.6741658
Right:0,0.1519,0|0,0,0,1
Head:0.4958571,0.7533897,-1.901052|-0.01059975,0.9911025,0.08591843,0.1011013
Left:0.4329771,0.7655522,-2.082754|-0.09292274,0.7286753,0.07680053,0.6741658
Right:0,0.1519,0|0,0,0,1
Head:0.4959172,0.7534369,-1.901054|-0.01025899,0.9910827,0.08600449,0.1012577
Left:0.4328277,0.7655804,-2.08289|-0.09299295,0.7286096,0.07679897,0.6742273
Right:0,0.1519,0|0,0,0,1
Head:0.4959172,0.7534369,-1.901054|-0.01025899,0.9910827,0.08600449,0.1012577
Left:0.4328277,0.7655804,-2.08289|-0.09299295,0.7286096,0.07679897,0.6742273
Right:0,0.1519,0|0,0,0,1
Head:0.4958473,0.7533971,-1.901017|-0.01018391,0.9910722,0.085972,0.1013951
Left:0.4328982,0.7657758,-2.082764|-0.09289936,0.7287042,0.07670883,0.6741481
Right:0,0.1519,0|0,0,0,1
Head:0.4958473,0.7533971,-1.901017|-0.01018391,0.9910722,0.085972,0.1013951
Left:0.4328982,0.7657758,-2.082764|-0.09289936,0.7287042,0.07670883,0.6741481
Right:0,0.1519,0|0,0,0,1
Head:0.4958253,0.7534685,-1.901025|-0.01001944,0.9910513,0.0860684,0.101534
Left:0.433014,0.7658828,-2.082805|-0.09285504,0.7287012,0.07669412,0.6741592
Right:0,0.1519,0|0,0,0,1
Head:0.49576,0.7535479,-1.90108|-0.01011049,0.9910531,0.08605325,0.1015202
Left:0.4327742,0.7660555,-2.082907|-0.09300181,0.728655,0.07679834,0.6741771
Right:0,0.1519,0|0,0,0,1
Head:0.49576,0.7535479,-1.90108|-0.01011049,0.9910531,0.08605325,0.1015202
Left:0.4327742,0.7660555,-2.082907|-0.09300181,0.728655,0.07679834,0.6741771
Right:0,0.1519,0|0,0,0,1
Head:0.4958007,0.7534498,-1.901042|-0.009926052,0.9910455,0.08611246,0.1015631
Left:0.4328133,0.7659134,-2.082897|-0.09295315,0.7286328,0.07669922,0.6742189
Right:0,0.1519,0|0,0,0,1
Head:0.4958007,0.7534498,-1.901042|-0.009926052,0.9910455,0.08611246,0.1015631
Left:0.4328133,0.7659134,-2.082897|-0.09295315,0.7286328,0.07669922,0.6742189
Right:0,0.1519,0|0,0,0,1
Head:0.4957377,0.7535086,-1.901214|-0.009894474,0.9910287,0.08594947,0.1018674
Left:0.4328839,0.7660275,-2.083128|-0.09292874,0.7286154,0.07659545,0.6742529
Right:0,0.1519,0|0,0,0,1
Head:0.4957377,0.7535086,-1.901214|-0.009894474,0.9910287,0.08594947,0.1018674
Left:0.4328839,0.7660275,-2.083128|-0.09292874,0.7286154,0.07659545,0.6742529
Right:0,0.1519,0|0,0,0,1
Head:0.4956942,0.7534629,-1.90109|-0.009956778,0.9910313,0.08613227,0.1016815
Left:0.4326457,0.7659501,-2.082805|-0.09274641,0.7285848,0.07695432,0.6742703
Right:0,0.1519,0|0,0,0,1
Head:0.4956942,0.7534629,-1.90109|-0.009956778,0.9910313,0.08613227,0.1016815
Left:0.4326457,0.7659501,-2.082805|-0.09274641,0.7285848,0.07695432,0.6742703
Right:0,0.1519,0|0,0,0,1
Head:0.4957548,0.7534665,-1.901052|-0.01012669,0.9910582,0.08619496,0.1013494
Left:0.4327574,0.766108,-2.08282|-0.09266343,0.7286476,0.07684276,0.6742264
Right:0,0.1519,0|0,0,0,1
Head:0.4957548,0.7534665,-1.901052|-0.01012669,0.9910582,0.08619496,0.1013494
Left:0.4327574,0.766108,-2.08282|-0.09266343,0.7286476,0.07684276,0.6742264
Right:0,0.1519,0|0,0,0,1
Head:0.4958593,0.7535295,-1.900968|-0.009915536,0.9910702,0.08621812,0.1012329
Left:0.4327533,0.7661177,-2.082704|-0.09298673,0.7287498,0.07660659,0.6740984
Right:0,0.1519,0|0,0,0,1
Head:0.4958168,0.7535533,-1.900869|-0.01009205,0.9910727,0.08626106,0.1011545
Left:0.4326835,0.766189,-2.082654|-0.09330166,0.7287173,0.07641622,0.6741117
Right:0,0.1519,0|0,0,0,1
Head:0.4958168,0.7535533,-1.900869|-0.01009205,0.9910727,0.08626106,0.1011545
Left:0.4326835,0.766189,-2.082654|-0.09330166,0.7287173,0.07641622,0.6741117
Right:0,0.1519,0|0,0,0,1
Head:0.4959273,0.7535233,-1.900917|-0.009891463,0.991069,0.08613788,0.1013153
Left:0.4327642,0.7660445,-2.082595|-0.0932131,0.728747,0.07635871,0.6740983
Right:0,0.1519,0|0,0,0,1
Head:0.4959273,0.7535233,-1.900917|-0.009891463,0.991069,0.08613788,0.1013153
Left:0.4327642,0.7660445,-2.082595|-0.0932131,0.728747,0.07635871,0.6740983
Right:0,0.1519,0|0,0,0,1
Head:0.4957908,0.7534757,-1.900936|-0.0100239,0.9910613,0.0860961,0.1014127
Left:0.432634,0.7660772,-2.08272|-0.09285997,0.728708,0.07671282,0.6741489
Right:0,0.1519,0|0,0,0,1
Head:0.4957908,0.7534757,-1.900936|-0.0100239,0.9910613,0.0860961,0.1014127
Left:0.432634,0.7660772,-2.08272|-0.09285997,0.728708,0.07671282,0.6741489
Right:0,0.1519,0|0,0,0,1
Head:0.4958593,0.7534139,-1.900945|-0.009741181,0.9910526,0.08611833,0.1015059
Left:0.4327532,0.7659545,-2.082697|-0.09233774,0.7285994,0.07704373,0.6743003
Right:0,0.1519,0|0,0,0,1
Head:0.4958593,0.7534139,-1.900945|-0.009741181,0.9910526,0.08611833,0.1015059
Left:0.4327532,0.7659545,-2.082697|-0.09233774,0.7285994,0.07704373,0.6743003
Right:0,0.1519,0|0,0,0,1
Head:0.4960204,0.7533238,-1.90092|-0.009608725,0.9910543,0.08618025,0.1014495
Left:0.4330307,0.765841,-2.082592|-0.09205623,0.7286153,0.07697828,0.674329
Right:0,0.1519,0|0,0,0,1
Head:0.4960204,0.7533238,-1.90092|-0.009608725,0.9910543,0.08618025,0.1014495
Left:0.4330307,0.765841,-2.082592|-0.09205623,0.7286153,0.07697828,0.674329
Right:0,0.1519,0|0,0,0,1
Head:0.496102,0.7533298,-1.90089|-0.00967749,0.9910496,0.08615199,0.1015134
Left:0.4330288,0.7658932,-2.082639|-0.09250377,0.7286999,0.07659433,0.6742202
Right:0,0.1519,0|0,0,0,1
Head:0.496102,0.7533298,-1.90089|-0.00967749,0.9910496,0.08615199,0.1015134
Left:0.4330288,0.7658932,-2.082639|-0.09250377,0.7286999,0.07659433,0.6742202
Right:0,0.1519,0|0,0,0,1
Head:0.4961747,0.7533036,-1.900859|-0.009717442,0.9910558,0.08613192,0.1014657
Left:0.4330946,0.7657943,-2.082549|-0.09287694,0.7287626,0.07634447,0.6741294
Right:0,0.1519,0|0,0,0,1
Head:0.4962071,0.7534081,-1.900882|-0.009849947,0.9910787,0.08606217,0.1012884
Left:0.4330165,0.7659036,-2.082641|-0.09313969,0.7288063,0.07615099,0.6740679
Right:0,0.1519,0|0,0,0,1
Head:0.4962071,0.7534081,-1.900882|-0.009849947,0.9910787,0.08606217,0.1012884
Left:0.4330165,0.7659036,-2.082641|-0.09313969,0.7288063,0.07615099,0.6740679
Right:0,0.1519,0|0,0,0,1
Head:0.4962221,0.7533768,-1.900871|-0.009904259,0.9910767,0.08606823,0.1012971
Left:0.4330492,0.7658932,-2.08271|-0.09312853,0.7287564,0.0761112,0.6741278
Right:0,0.1519,0|0,0,0,1
Head:0.4962221,0.7533768,-1.900871|-0.009904259,0.9910767,0.08606823,0.1012971
Left:0.4330492,0.7658932,-2.08271|-0.09312853,0.7287564,0.0761112,0.6741278
Right:0,0.1519,0|0,0,0,1
Head:0.496147,0.7534472,-1.900804|-0.01018391,0.9910815,0.08608701,0.1012071
Left:0.4328756,0.7659614,-2.082569|-0.0930161,0.728729,0.0764264,0.6741374
Right:0,0.1519,0|0,0,0,1
Head:0.496147,0.7534472,-1.900804|-0.01018391,0.9910815,0.08608701,0.1012071
Left:0.4328756,0.7659614,-2.082569|-0.0930161,0.728729,0.0764264,0.6741374
Right:0,0.1519,0|0,0,0,1
Head:0.4961065,0.7534257,-1.900773|-0.01011638,0.9910596,0.08608165,0.1014321
Left:0.4328914,0.765877,-2.082466|-0.09260511,0.7286998,0.07668737,0.6741958
Right:0,0.1519,0|0,0,0,1
Head:0.4961065,0.7534257,-1.900773|-0.01011638,0.9910596,0.08608165,0.1014321
Left:0.4328914,0.765877,-2.082466|-0.09260511,0.7286998,0.07668737,0.6741958
Right:0,0.1519,0|0,0,0,1
Head:0.4959617,0.7534038,-1.900756|-0.01024809,0.9910406,0.08609238,0.1015957
Left:0.4327389,0.76589,-2.082563|-0.09239562,0.7287034,0.0769472,0.6741909
Right:0,0.1519,0|0,0,0,1
Head:0.4959617,0.7534038,-1.900756|-0.01024809,0.9910406,0.08609238,0.1015957
Left:0.4327389,0.76589,-2.082563|-0.09239562,0.7287034,0.0769472,0.6741909
Right:0,0.1519,0|0,0,0,1
Head:0.4958978,0.7534956,-1.900959|-0.01034001,0.9910455,0.08588313,0.1017158
Left:0.4326609,0.7660104,-2.082803|-0.09237494,0.7286118,0.07697069,0.6742902
Right:0,0.1519,0|0,0,0,1
Head:0.495998,0.7534175,-1.900892|-0.01016048,0.9910607,0.08597027,0.1015113
Left:0.4328359,0.7659882,-2.082852|-0.09276966,0.7286918,0.07644692,0.6742091
Right:0,0.1519,0|0,0,0,1
Head:0.495998,0.7534175,-1.900892|-0.01016048,0.9910607,0.08597027,0.1015113
Left:0.4328359,0.7659882,-2.082852|-0.09276966,0.7286918,0.07644692,0.6742091
Right:0,0.1519,0|0,0,0,1
Head:0.4959711,0.753329,-1.900942|-0.01029958,0.9910642,0.08591209,0.1015127
Left:0.4328209,0.7658654,-2.082818|-0.09310193,0.7287854,0.0761731,0.6740931
Right:0,0.1519,0|0,0,0,1
Head:0.4959711,0.753329,-1.900942|-0.01029958,0.9910642,0.08591209,0.1015127
Left:0.4328209,0.7658654,-2.082818|-0.09310193,0.7287854,0.0761731,0.6740931
Right:0,0.1519,0|0,0,0,1
Head:0.4959623,0.7533615,-1.900897|-0.01043612,0.9910687,0.0860187,0.1013649
Left:0.432707,0.7658948,-2.082717|-0.09317984,0.7288295,0.07631655,0.6740184
Right:0,0.1519,0|0,0,0,1
Head:0.4959623,0.7533615,-1.900897|-0.01043612,0.9910687,0.0860187,0.1013649
Left:0.432707,0.7658948,-2.082717|-0.09317984,0.7288295,0.07631655,0.6740184
Right:0,0.1519,0|0,0,0,1
Head:0.4959379,0.7533484,-1.900919|-0.01028003,0.9910619,0.08600926,0.1014553
Left:0.4327649,0.7658333,-2.082632|-0.09293945,0.7288241,0.0764588,0.6740413
Right:0,0.1519,0|0,0,0,1
Head:0.4959379,0.7533484,-1.900919|-0.01028003,0.9910619,0.08600926,0.1014553
Left:0.4327649,0.7658333,-2.082632|-0.09293945,0.7288241,0.0764588,0.6740413
Right:0,0.1519,0|0,0,0,1
Head:0.495788,0.7533063,-1.900939|-0.01038028,0.9910495,0.08595371,0.1016122
Left:0.43252,0.7654265,-2.082777|-0.09232145,0.7284548,0.07713671,0.6744482
Right:0,0.1519,0|0,0,0,1
Head:0.495788,0.7533063,-1.900939|-0.01038028,0.9910495,0.08595371,0.1016122
Left:0.43252,0.7654265,-2.082777|-0.09232145,0.7284548,0.07713671,0.6744482
Right:0,0.1519,0|0,0,0,1
Head:0.4957865,0.7532686,-1.90086|-0.01027641,0.9910341,0.08616979,0.1015901
Left:0.4324603,0.7653654,-2.082809|-0.09199993,0.7285814,0.07743295,0.6743214
Right:0,0.1519,0|0,0,0,1
Head:0.4957927,0.7533695,-1.901008|-0.01035009,0.9910614,0.08596342,0.101491
Left:0.4327993,0.7659267,-2.082609|-0.09186701,0.7288489,0.07718913,0.6740783
Right:0,0.1519,0|0,0,0,1
Head:0.4957927,0.7533695,-1.901008|-0.01035009,0.9910614,0.08596342,0.101491
Left:0.4327993,0.7659267,-2.082609|-0.09186701,0.7288489,0.07718913,0.6740783
Right:0,0.1519,0|0,0,0,1
Head:0.4958037,0.7532842,-1.90095|-0.01011785,0.9910442,0.08603143,0.1016245
Left:0.4327379,0.7659675,-2.082676|-0.09210405,0.7288768,0.07704068,0.6740329
Right:0,0.1519,0|0,0,0,1
Head:0.4958037,0.7532842,-1.90095|-0.01011785,0.9910442,0.08603143,0.1016245
Left:0.4327379,0.7659675,-2.082676|-0.09210405,0.7288768,0.07704068,0.6740329
Right:0,0.1519,0|0,0,0,1
Head:0.4957743,0.7532945,-1.900937|-0.01001423,0.991039,0.08609463,0.1016332
Left:0.4328498,0.7657909,-2.082678|-0.09244938,0.728945,0.07659949,0.6739621
Right:0,0.1519,0|0,0,0,1
Head:0.4957743,0.7532945,-1.900937|-0.01001423,0.991039,0.08609463,0.1016332
Left:0.4328498,0.7657909,-2.082678|-0.09244938,0.728945,0.07659949,0.6739621
Right:0,0.1519,0|0,0,0,1
Head:0.4958056,0.753387,-1.901111|-0.01014286,0.9910535,0.08591028,0.1016339
Left:0.4328575,0.7658796,-2.082749|-0.09285399,0.7289679,0.07627261,0.6739187
Right:0,0.1519,0|0,0,0,1
Head:0.4958056,0.753387,-1.901111|-0.01014286,0.9910535,0.08591028,0.1016339
Left:0.4328575,0.7658796,-2.082749|-0.09285399,0.7289679,0.07627261,0.6739187
Right:0,0.1519,0|0,0,0,1
Head:0.4956887,0.7533938,-1.901043|-0.01001274,0.991021,0.0860922,0.1018097
Left:0.4327303,0.7660259,-2.082811|-0.09273962,0.7288848,0.07642138,0.6740075
Right:0,0.1519,0|0,0,0,1
Head:0.4956887,0.7533938,-1.901043|-0.01001274,0.991021,0.0860922,0.1018097
Left:0.4327303,0.7660259,-2.082811|-0.09273962,0.7288848,0.07642138,0.6740075
Right:0,0.1519,0|0,0,0,1
Head:0.4957148,0.7534719,-1.901023|-0.009973974,0.9910147,0.08616538,0.1018128
Left:0.4327456,0.7656695,-2.0853|-0.1094049,0.7286511,0.06096517,0.673336
Right:0,0.1519,0|0,0,0,1
Head:0.4957148,0.7534719,-1.901023|-0.009973974,0.9910147,0.08616538,0.1018128
Left:0.4327456,0.7656695,-2.0853|-0.1094049,0.7286511,0.06096517,0.673336
Right:0,0.1519,0|0,0,0,1
Head:0.4958366,0.7535591,-1.901199|-0.009881665,0.9910504,0.08589943,0.1016997
Left:0.4320741,0.7649339,-2.090651|-0.1444004,0.7289663,0.02881079,0.6685257
Right:0,0.1519,0|0,0,0,1
Head:0.4958292,0.7535512,-1.90121|-0.009895228,0.9910294,0.08598509,0.1018297
Left:0.4317642,0.7644939,-2.092489|-0.1493126,0.7308009,0.02491371,0.6655939
Right:0,0.1519,0|0,0,0,1
Head:0.4958292,0.7535512,-1.90121|-0.009895228,0.9910294,0.08598509,0.1018297
Left:0.4317642,0.7644939,-2.092489|-0.1493126,0.7308009,0.02491371,0.6655939
Right:0,0.1519,0|0,0,0,1
Head:0.4958133,0.7535642,-1.901152|-0.01000604,0.9910206,0.0861416,0.1017725
Left:0.4316813,0.7647117,-2.093753|-0.1577965,0.7309406,0.0175565,0.6637152
Right:0,0.1519,0|0,0,0,1
Head:0.4958133,0.7535642,-1.901152|-0.01000604,0.9910206,0.0861416,0.1017725
Left:0.4316813,0.7647117,-2.093753|-0.1577965,0.7309406,0.0175565,0.6637152
Right:0,0.1519,0|0,0,0,1
Head:0.4958578,0.7535715,-1.901139|-0.009998595,0.9910225,0.08624344,0.1016688
Left:0.4311146,0.7645841,-2.097669|-0.1802249,0.7308224,-0.001895041,0.6583418
Right:0,0.1519,0|0,0,0,1
Head:0.4958578,0.7535715,-1.901139|-0.009998595,0.9910225,0.08624344,0.1016688
Left:0.4311146,0.7645841,-2.097669|-0.1802249,0.7308224,-0.001895041,0.6583418
Right:0,0.1519,0|0,0,0,1
Head:0.4957501,0.7535309,-1.901196|-0.0101127,0.9910176,0.08617723,0.1017607
Left:0.4310743,0.7646952,-2.099157|-0.1911893,0.7304628,-0.01102694,0.6555526
Right:0,0.1519,0|0,0,0,1
Head:0.4957501,0.7535309,-1.901196|-0.0101127,0.9910176,0.08617723,0.1017607
Left:0.4310743,0.7646952,-2.099157|-0.1911893,0.7304628,-0.01102694,0.6555526
Right:0,0.1519,0|0,0,0,1
Head:0.4958415,0.753376,-1.901192|-0.009887695,0.9910018,0.08622719,0.1018943
Left:0.4312422,0.7648538,-2.100247|-0.1976736,0.7301784,-0.01664056,0.6538255
Right:0,0.1519,0|0,0,0,1
Head:0.4958415,0.753376,-1.901192|-0.009887695,0.9910018,0.08622719,0.1018943
Left:0.4312422,0.7648538,-2.100247|-0.1976736,0.7301784,-0.01664056,0.6538255
Right:0,0.1519,0|0,0,0,1
Head:0.495896,0.7533277,-1.901258|-0.009796856,0.9910001,0.08632978,0.1018339
Left:0.4320079,0.7635911,-2.098854|-0.1769346,0.7341985,-0.000211432,0.6554744
Right:0,0.1519,0|0,0,0,1
Head:0.495896,0.7533277,-1.901258|-0.009796856,0.9910001,0.08632978,0.1018339
Left:0.4320079,0.7635911,-2.098854|-0.1769346,0.7341985,-0.000211432,0.6554744
Right:0,0.1519,0|0,0,0,1
Head:0.4959315,0.7533476,-1.901255|-0.009889202,0.9909958,0.08633703,0.1018603
Left:0.4323169,0.763631,-2.099449|-0.1824391,0.7322901,-0.003959296,0.6560881
Right:0,0.1519,0|0,0,0,1
Head:0.4959246,0.7533756,-1.901189|-0.009911027,0.9909814,0.08640768,0.1019381
Left:0.4325029,0.7642508,-2.099525|-0.1853951,0.7315685,-0.005450956,0.6560537
Right:0,0.1519,0|0,0,0,1
Head:0.4959246,0.7533756,-1.901189|-0.009911027,0.9909814,0.08640768,0.1019381
Left:0.4325029,0.7642508,-2.099525|-0.1853951,0.7315685,-0.005450956,0.6560537
Right:0,0.1519,0|0,0,0,1
Head:0.4959389,0.753374,-1.90109|-0.01000753,0.9909853,0.08656042,0.1017606
Left:0.4320341,0.7645274,-2.099539|-0.185534,0.7313123,-0.005254698,0.6563017
Right:0,0.1519,0|0,0,0,1
Head:0.4959389,0.753374,-1.90109|-0.01000753,0.9909853,0.08656042,0.1017606
Left:0.4320341,0.7645274,-2.099539|-0.185534,0.7313123,-0.005254698,0.6563017
Right:0,0.1519,0|0,0,0,1
Head:0.4959818,0.753263,-1.901068|-0.009840109,0.9909913,0.08651418,0.1017582
Left:0.4325475,0.7644076,-2.09927|-0.1850829,0.7308488,-0.005050083,0.6569465
Right:0,0.1519,0|0,0,0,1
Head:0.4959818,0.753263,-1.901068|-0.009840109,0.9909913,0.08651418,0.1017582
Left:0.4325475,0.7644076,-2.09927|-0.1850829,0.7308488,-0.005050083,0.6569465
Right:0,0.1519,0|0,0,0,1
Head:0.4959681,0.7531894,-1.901047|-0.009998594,0.9910036,0.08654165,0.1016
Left:0.4325076,0.7648257,-2.099293|-0.1843739,0.7309467,-0.004497591,0.6570411
Right:0,0.1519,0|0,0,0,1
Head:0.4959681,0.7531894,-1.901047|-0.009998594,0.9910036,0.08654165,0.1016
Left:0.4325076,0.7648257,-2.099293|-0.1843739,0.7309467,-0.004497591,0.6570411
Right:0,0.1519,0|0,0,0,1
Head:0.4960083,0.7532908,-1.901148|-0.01009353,0.991025,0.08632271,0.1015677
Left:0.4324416,0.7652795,-2.099253|-0.1830542,0.7307524,-0.002953749,0.6576347
Right:0,0.1519,0|0,0,0,1
Head:0.4960455,0.7533327,-1.901098|-0.0100647,0.9910067,0.08647801,0.1016175
Left:0.432856,0.7654005,-2.097998|-0.1762348,0.7305624,0.002914389,0.6597056
Right:0,0.1519,0|0,0,0,1
Head:0.4960455,0.7533327,-1.901098|-0.0100647,0.9910067,0.08647801,0.1016175
Left:0.432856,0.7654005,-2.097998|-0.1762348,0.7305624,0.002914389,0.6597056
Right:0,0.1519,0|0,0,0,1
Head:0.4959188,0.7533184,-1.900974|-0.01016854,0.9909784,0.08660998,0.1017706
Left:0.4328541,0.7655778,-2.097709|-0.1747712,0.7306001,0.004254987,0.6600458
Right:0,0.1519,0|0,0,0,1
Head:0.4959188,0.7533184,-1.900974|-0.01016854,0.9909784,0.08660998,0.1017706
Left:0.4328541,0.7655778,-2.097709|-0.1747712,0.7306001,0.004254987,0.6600458
Right:0,0.1519,0|0,0,0,1
Head:0.4958419,0.7533354,-1.900835|-0.01024155,0.9909776,0.08674288,0.1016576
Left:0.432655,0.765843,-2.097751|-0.1757175,0.7305894,0.003609857,0.6598101
Right:0,0.1519,0|0,0,0,1
Head:0.4958419,0.7533354,-1.900835|-0.01024155,0.9909776,0.08674288,0.1016576
Left:0.432655,0.765843,-2.097751|-0.1757175,0.7305894,0.003609857,0.6598101
Right:0,0.1519,0|0,0,0,1
Head:0.4958779,0.7532978,-1.900854|-0.01034073,0.9910031,0.08663071,0.1014943
Left:0.4329628,0.7657013,-2.096507|-0.1675833,0.7306255,0.01048491,0.6618099
Right:0,0.1519,0|0,0,0,1
Head:0.4958779,0.7532978,-1.900854|-0.01034073,0.9910031,0.08663071,0.1014943
Left:0.4329628,0.7657013,-2.096507|-0.1675833,0.7306255,0.01048491,0.6618099
Right:0,0.1519,0|0,0,0,1
Head:0.4958428,0.7532982,-1.900785|-0.01029379,0.9909986,0.08666433,0.1015144
Left:0.4330584,0.765798,-2.094287|-0.1547002,0.73058,0.02172028,0.6647172
Right:0,0.1519,0|0,0,0,1
Head:0.4958428,0.7532982,-1.900785|-0.01029379,0.9909986,0.08666433,0.1015144
Left:0.4330584,0.765798,-2.094287|-0.1547002,0.73058,0.02172028,0.6647172
Right:0,0.1519,0|0,0,0,1
Head:0.4958165,0.7533649,-1.90083|-0.01033136,0.9910115,0.0865346,0.1014951
Left:0.4332232,0.7659153,-2.091955|-0.1409209,0.7302963,0.0339328,0.6675757
Right:0,0.1519,0|0,0,0,1
Head:0.4958165,0.7533649,-1.90083|-0.01033136,0.9910115,0.0865346,0.1014951
Left:0.4332232,0.7659153,-2.091955|-0.1409209,0.7302963,0.0339328,0.6675757
Right:0,0.1519,0|0,0,0,1
Head:0.4957944,0.7533383,-1.90073|-0.01026625,0.9909917,0.08664457,0.101602
Left:0.4332641,0.7659935,-2.089756|-0.1285257,0.7296761,0.04499372,0.6700966
Right:0,0.1519,0|0,0,0,1
Head:0.4957711,0.7533416,-1.900788|-0.01013478,0.9910016,0.0865296,0.1016158
Left:0.4335023,0.7658814,-2.087121|-0.1135459,0.7287956,0.05829493,0.6727302
Right:0,0.1519,0|0,0,0,1
Head:0.4957711,0.7533416,-1.900788|-0.01013478,0.9910016,0.0865296,0.1016158
Left:0.4335023,0.7658814,-2.087121|-0.1135459,0.7287956,0.05829493,0.6727302
Right:0,0.1519,0|0,0,0,1
Head:0.4958998,0.7533777,-1.900946|-0.009896734,0.9910193,0.08621198,0.1017363
Left:0.4337624,0.7658044,-2.084022|-0.09507201,0.7271358,0.07493009,0.6757368
Right:0,0.1519,0|0,0,0,1
Head:0.4958998,0.7533777,-1.900946|-0.009896734,0.9910193,0.08621198,0.1017363
Left:0.4337624,0.7658044,-2.084022|-0.09507201,0.7271358,0.07493009,0.6757368
Right:0,0.1519,0|0,0,0,1
Head:0.4959205,0.75341,-1.901002|-0.009979201,0.9910371,0.08610579,0.1016444
Left:0.4338831,0.7661672,-2.081205|-0.07668858,0.7249346,0.09154146,0.6783869
Right:0,0.1519,0|0,0,0,1
Head:0.4959205,0.75341,-1.901002|-0.009979201,0.9910371,0.08610579,0.1016444
Left:0.4338831,0.7661672,-2.081205|-0.07668858,0.7249346,0.09154146,0.6783869
Right:0,0.1519,0|0,0,0,1
Head:0.4960423,0.7534784,-1.900945|-0.009651277,0.9910602,0.08625345,0.1013255
Left:0.4340274,0.7661515,-2.078221|-0.06196641,0.7230061,0.1044828,0.6800777
Right:0,0.1519,0|0,0,0,1
Head:0.4960423,0.7534784,-1.900945|-0.009651277,0.9910602,0.08625345,0.1013255
Left:0.4340274,0.7661515,-2.078221|-0.06196641,0.7230061,0.1044828,0.6800777
Right:0,0.1519,0|0,0,0,1
Head:0.4961034,0.7535102,-1.900983|-0.009551954,0.991061,0.08616288,0.1014037
Left:0.4343103,0.7661718,-2.076269|-0.050032,0.7211256,0.1156775,0.681244
Right:0,0.1519,0|0,0,0,1
Head:0.4961034,0.7535102,-1.900983|-0.009551954,0.991061,0.08616288,0.1014037
Left:0.4343103,0.7661718,-2.076269|-0.050032,0.7211256,0.1156775,0.681244
Right:0,0.1519,0|0,0,0,1
Head:0.4958661,0.7535344,-1.900957|-0.009774776,0.991035,0.08624006,0.1015716
Left:0.4342543,0.7663898,-2.074627|-0.04120294,0.7195619,0.1241888,0.6819898
Right:0,0.1519,0|0,0,0,1
Head:0.4958214,0.7535501,-1.901002|-0.009855997,0.9910404,0.08614454,0.1015919
Left:0.4342648,0.7664895,-2.072481|-0.02837341,0.7171324,0.1364151,0.6828667
Right:0,0.1519,0|0,0,0,1
Head:0.4958214,0.7535501,-1.901002|-0.009855997,0.9910404,0.08614454,0.1015919
Left:0.4342648,0.7664895,-2.072481|-0.02837341,0.7171324,0.1364151,0.6828667
Right:0,0.1519,0|0,0,0,1
Head:0.4958159,0.7535869,-1.901033|-0.009809775,0.9910344,0.08608562,0.1017049
Left:0.4342936,0.7662938,-2.069184|-0.01046677,0.713264,0.1534388,0.6838139
Right:0,0.1519,0|0,0,0,1
Head:0.4958159,0.7535869,-1.901033|-0.009809775,0.9910344,0.08608562,0.1017049
Left:0.4342936,0.7662938,-2.069184|-0.01046677,0.713264,0.1534388,0.6838139
Right:0,0.1519,0|0,0,0,1
Head:0.4958559,0.7535628,-1.901133|-0.00988845,0.9910593,0.08596611,0.1015556
Left:0.4342846,0.7660911,-2.065843|0.009216916,0.7085865,0.1731004,0.6840004
Right:0,0.1519,0|0,0,0,1
Head:0.4958559,0.7535628,-1.901133|-0.00988845,0.9910593,0.08596611,0.1015556
Left:0.4342846,0.7660911,-2.065843|0.009216916,0.7085865,0.1731004,0.6840004
Right:0,0.1519,0|0,0,0,1
Head:0.4958972,0.7535933,-1.901132|-0.009788486,0.9910482,0.08607524,0.1015811
Left:0.4344555,0.7657294,-2.062319|0.02819005,0.7036927,0.1908313,0.6838167
Right:0,0.1519,0|0,0,0,1
Head:0.4958972,0.7535933,-1.901132|-0.009788486,0.9910482,0.08607524,0.1015811
Left:0.4344555,0.7657294,-2.062319|0.02819005,0.7036927,0.1908313,0.6838167
Right:0,0.1519,0|0,0,0,1
Head:0.4959415,0.7535371,-1.901013|-0.009756465,0.9910437,0.08625855,0.1014725
Left:0.4345926,0.765517,-2.059463|0.044291,0.6988119,0.2073613,0.6831555
Right:0,0.1519,0|0,0,0,1
Head:0.4959415,0.7535371,-1.901013|-0.009756465,0.9910437,0.08625855,0.1014725
Left:0.4345926,0.765517,-2.059463|0.044291,0.6988119,0.2073613,0.6831555
Right:0,0.1519,0|0,0,0,1
Head:0.4959763,0.7535173,-1.901027|-0.009821162,0.9910471,0.08621181,0.1014723
Left:0.4345607,0.7654361,-2.056177|0.05978717,0.6938098,0.2236867,0.6819221
Right:0,0.1519,0|0,0,0,1
Head:0.4959763,0.7535173,-1.901027|-0.009821162,0.9910471,0.08621181,0.1014723
Left:0.4345607,0.7654361,-2.056177|0.05978717,0.6938098,0.2236867,0.6819221
Right:0,0.1519,0|0,0,0,1
Head:0.4958218,0.7534337,-1.900914|-0.009968744,0.9910306,0.08630458,0.101541
Left:0.4338351,0.765324,-2.059989|0.02417593,0.6996763,0.1872871,0.6890516
Right:0,0.1519,0|0,0,0,1
Head:0.4959022,0.7533522,-1.900931|-0.009748826,0.9910254,0.08625457,0.101655
Left:0.4338993,0.7648039,-2.059865|0.02874062,0.6999335,0.1929812,0.687041
Right:0,0.1519,0|0,0,0,1
Head:0.4959022,0.7533522,-1.900931|-0.009748826,0.9910254,0.08625457,0.101655
Left:0.4338993,0.7648039,-2.059865|0.02874062,0.6999335,0.1929812,0.687041
Right:0,0.1519,0|0,0,0,1
Head:0.4959905,0.7532434,-1.900883|-0.009661308,0.9910165,0.08634264,0.1016757
Left:0.4339811,0.7646714,-2.060088|0.03107978,0.700476,0.1952567,0.6857421
Right:0,0.1519,0|0,0,0,1
Head:0.4959905,0.7532434,-1.900883|-0.009661308,0.9910165,0.08634264,0.1016757
Left:0.4339811,0.7646714,-2.060088|0.03107978,0.700476,0.1952567,0.6857421
Right:0,0.1519,0|0,0,0,1
Head:0.4960231,0.7531521,-1.900932|-0.009755702,0.9910302,0.08624948,0.1016126
Left:0.4341441,0.7643921,-2.059457|0.03241042,0.7022898,0.195586,0.6837286
Right:0,0.1519,0|0,0,0,1
Head:0.4960231,0.7531521,-1.900932|-0.009755702,0.9910302,0.08624948,0.1016126
Left:0.4341441,0.7643921,-2.059457|0.03241042,0.7022898,0.195586,0.6837286
Right:0,0.1519,0|0,0,0,1
Head:0.4960272,0.7531559,-1.901031|-0.009635053,0.9910169,0.0862347,0.1017658
Left:0.4343611,0.7642223,-2.059125|0.0321862,0.7035159,0.1951318,0.6826075
Right:0,0.1519,0|0,0,0,1
Head:0.4960272,0.7531559,-1.901031|-0.009635053,0.9910169,0.0862347,0.1017658
Left:0.4343611,0.7642223,-2.059125|0.0321862,0.7035159,0.1951318,0.6826075
Right:0,0.1519,0|0,0,0,1
Head:0.4960659,0.7531096,-1.901063|-0.009699792,0.9910249,0.08616383,0.1017418
Left:0.4353285,0.7643652,-2.059116|0.0322745,0.7040973,0.1942219,0.6822633
Right:0,0.1519,0|0,0,0,1
Head:0.4960659,0.7531096,-1.901063|-0.009699792,0.9910249,0.08616383,0.1017418
Left:0.4353285,0.7643652,-2.059116|0.0322745,0.7040973,0.1942219,0.6822633
Right:0,0.1519,0|0,0,0,1
Head:0.4960381,0.7530602,-1.901049|-0.00981585,0.9910153,0.08624006,0.1017591
Left:0.4353825,0.7644396,-2.059239|0.03213859,0.7032019,0.1931291,0.6835023
Right:0,0.1519,0|0,0,0,1
Head:0.4959626,0.753176,-1.901098|-0.009985172,0.9910272,0.08618363,0.1016749
Left:0.435189,0.7647504,-2.060463|0.02544251,0.7052091,0.1865852,0.683534
Right:0,0.1519,0|0,0,0,1
Head:0.4959626,0.753176,-1.901098|-0.009985172,0.9910272,0.08618363,0.1016749
Left:0.435189,0.7647504,-2.060463|0.02544251,0.7052091,0.1865852,0.683534
Right:0,0.1519,0|0,0,0,1
Head:0.4958886,0.7532566,-1.901159|-0.01013331,0.9910509,0.08600051,0.101584
Left:0.4356222,0.7649086,-2.063664|0.005159547,0.7101669,0.1654063,0.6843078
Right:0,0.1519,0|0,0,0,1
Head:0.4958886,0.7532566,-1.901159|-0.01013331,0.9910509,0.08600051,0.101584
Left:0.4356222,0.7649086,-2.063664|0.005159547,0.7101669,0.1654063,0.6843078
Right:0,0.1519,0|0,0,0,1
Head:0.4958543,0.7532765,-1.901144|-0.01018976,0.9910243,0.08615121,0.1017103
Left:0.435413,0.7652878,-2.065852|-0.008943264,0.7127074,0.1513962,0.6848704
Right:0,0.1519,0|0,0,0,1
Head:0.4958543,0.7532765,-1.901144|-0.01018976,0.9910243,0.08615121,0.1017103
Left:0.435413,0.7652878,-2.065852|-0.008943264,0.7127074,0.1513962,0.6848704
Right:0,0.1519,0|0,0,0,1
Head:0.4958798,0.7532054,-1.901072|-0.01011712,0.9910219,0.08624776,0.1016592
Left:0.4354761,0.765408,-2.067439|-0.01820895,0.7147633,0.1422061,0.6845139
Right:0,0.1519,0|0,0,0,1
Head:0.4958798,0.7532054,-1.901072|-0.01011712,0.9910219,0.08624776,0.1016592
Left:0.4354761,0.765408,-2.067439|-0.01820895,0.7147633,0.1422061,0.6845139
Right:0,0.1519,0|0,0,0,1
Head:0.4958712,0.7533077,-1.90114|-0.01016927,0.9910172,0.08625233,0.1016953
Left:0.4352696,0.7655845,-2.068741|-0.02380309,0.7166933,0.1367652,0.6834321
Right:0,0.1519,0|0,0,0,1
Head:0.4958712,0.7533077,-1.90114|-0.01016927,0.9910172,0.08625233,0.1016953
Left:0.4352696,0.7655845,-2.068741|-0.02380309,0.7166933,0.1367652,0.6834321
Right:0,0.1519,0|0,0,0,1
Head:0.4958708,0.7533518,-1.901145|-0.01015167,0.9910148,0.08625147,0.1017217
Left:0.4353993,0.7657539,-2.069422|-0.02712915,0.7173957,0.133495,0.6832178
Right:0,0.1519,0|0,0,0,1
Head:0.4958708,0.7533518,-1.901145|-0.01015167,0.9910148,0.08625147,0.1017217
Left:0.4353993,0.7657539,-2.069422|-0.02712915,0.7173957,0.133495,0.6832178
Right:0,0.1519,0|0,0,0,1
Head:0.4959415,0.7534273,-1.901179|-0.009799897,0.9910344,0.08626399,0.1015539
Left:0.4355253,0.7660131,-2.069742|-0.02810628,0.7175114,0.1325255,0.6832455
Right:0,0.1519,0|0,0,0,1
Head:0.4958588,0.7534952,-1.901151|-0.009810535,0.9910218,0.08626313,0.1016769
Left:0.4353869,0.7660924,-2.070301|-0.03145804,0.7181723,0.1295919,0.6829677
Right:0,0.1519,0|0,0,0,1
Head:0.4958588,0.7534952,-1.901151|-0.009810535,0.9910218,0.08626313,0.1016769
Left:0.4353869,0.7660924,-2.070301|-0.03145804,0.7181723,0.1295919,0.6829677
Right:0,0.1519,0|0,0,0,1
Head:0.495962,0.7536341,-1.901206|-0.009653593,0.9910039,0.08623574,0.1018896
Left:0.4354991,0.7663084,-2.071395|-0.03834417,0.7193909,0.1231127,0.6825318
Right:0,0.1519,0|0,0,0,1
Head:0.495962,0.7536341,-1.901206|-0.009653593,0.9910039,0.08623574,0.1018896
Left:0.4354991,0.7663084,-2.071395|-0.03834417,0.7193909,0.1231127,0.6825318
Right:0,0.1519,0|0,0,0,1
Head:0.4960831,0.7535492,-1.901103|-0.009308613,0.9909795,0.08637879,0.102038
Left:0.4357579,0.7662709,-2.073037|-0.04867338,0.7211877,0.1130756,0.6817134
Right:0,0.1519,0|0,0,0,1
Head:0.4960831,0.7535492,-1.901103|-0.009308613,0.9909795,0.08637879,0.102038
Left:0.4357579,0.7662709,-2.073037|-0.04867338,0.7211877,0.1130756,0.6817134
Right:0,0.1519,0|0,0,0,1
Head:0.496043,0.7535812,-1.900992|-0.009330197,0.990958,0.08642044,0.1022088
Left:0.435537,0.7661517,-2.074336|-0.05681013,0.722507,0.10566,0.6808761
Right:0,0.1519,0|0,0,0,1
Head:0.496043,0.7535812,-1.900992|-0.009330197,0.990958,0.08642044,0.1022088
Left:0.435537,0.7661517,-2.074336|-0.05681013,0.722507,0.10566,0.6808761
Right:0,0.1519,0|0,0,0,1
Head:0.4960428,0.7535611,-1.900936|-0.009430277,0.9909547,0.0864444,0.1022116
Left:0.4355899,0.7659073,-2.075162|-0.06204577,0.7233351,0.1009824,0.6802494
Right:0,0.1519,0|0,0,0,1
Head:0.4960428,0.7535611,-1.900936|-0.009430277,0.9909547,0.0864444,0.1022116
Left:0.4355899,0.7659073,-2.075162|-0.06204577,0.7233351,0.1009824,0.6802494
Right:0,0.1519,0|0,0,0,1
Head:0.4959965,0.7535127,-1.901095|-0.00961725,0.9909733,0.08626192,0.1021682
Left:0.4356754,0.7660922,-2.075382|-0.06238545,0.7233933,0.1005573,0.6802194
Right:0,0.1519,0|0,0,0,1
Head:0.4959965,0.7535127,-1.901095|-0.00961725,0.9909733,0.08626192,0.1021682
Left:0.4356754,0.7660922,-2.075382|-0.06238545,0.7233933,0.1005573,0.6802194
Right:0,0.1519,0|0,0,0,1
Head:0.4959394,0.7535576,-1.901081|-0.009761809,0.9909642,0.08631752,0.1021956
Left:0.4353302,0.7659163,-2.075291|-0.06110031,0.723236,0.1020416,0.6802822
Right:0,0.1519,0|0,0,0,1
Head:0.4958405,0.7535025,-1.900981|-0.009882419,0.9909545,0.08645061,0.1021659
Left:0.4353124,0.7658163,-2.075062|-0.06063326,0.7232386,0.1025547,0.6802441
Right:0,0.1519,0|0,0,0,1
Head:0.4958405,0.7535025,-1.900981|-0.009882419,0.9909545,0.08645061,0.1021659
Left:0.4353124,0.7658163,-2.075062|-0.06063326,0.7232386,0.1025547,0.6802441
Right:0,0.1519,0|0,0,0,1
Head:0.495803,0.7534444,-1.900915|-0.01000828,0.99095,0.08650041,0.1021551
Left:0.4352305,0.7659178,-2.075269|-0.06209565,0.7234566,0.1013277,0.6800643
Right:0,0.1519,0|0,0,0,1
Head:0.495803,0.7534444,-1.900915|-0.01000828,0.99095,0.08650041,0.1021551
Left:0.4352305,0.7659178,-2.075269|-0.06209565,0.7234566,0.1013277,0.6800643
Right:0,0.1519,0|0,0,0,1
Head:0.4958433,0.7534895,-1.900938|-0.00999114,0.9909682,0.08641776,0.1020497
Left:0.4351515,0.765954,-2.076122|-0.06687348,0.7241934,0.09694204,0.679466
Right:0,0.1519,0|0,0,0,1
Head:0.4958433,0.7534895,-1.900938|-0.00999114,0.9909682,0.08641776,0.1020497
Left:0.4351515,0.765954,-2.076122|-0.06687348,0.7241934,0.09694204,0.679466
Right:0,0.1519,0|0,0,0,1
Head:0.495735,0.7534802,-1.901001|-0.01009648,0.9909604,0.08634824,0.1021739
Left:0.4349433,0.765884,-2.077562|-0.07407958,0.7251528,0.09017114,0.6786271
Right:0,0.1519,0|0,0,0,1
Head:0.495735,0.7534802,-1.901001|-0.01009648,0.9909604,0.08634824,0.1021739
Left:0.4349433,0.765884,-2.077562|-0.07407958,0.7251528,0.09017114,0.6786271
Right:0,0.1519,0|0,0,0,1
Head:0.4957449,0.7533629,-1.900876|-0.01010975,0.9909439,0.08653356,0.1021761
Left:0.4349468,0.7658247,-2.07834|-0.07915966,0.7258567,0.08546013,0.6779104
Right:0,0.1519,0|0,0,0,1
Head:0.4957449,0.7533629,-1.900876|-0.01010975,0.9909439,0.08653356,0.1021761
Left:0.4349468,0.7658247,-2.07834|-0.07915966,0.7258567,0.08546013,0.6779104
Right:0,0.1519,0|0,0,0,1
Head:0.4958435,0.7534045,-1.900923|-0.01007357,0.9909714,0.08639216,0.1020325
Left:0.4349407,0.7658311,-2.079005|-0.08298097,0.7263734,0.08203769,0.6773224
Right:0,0.1519,0|0,0,0,1
Head:0.4958192,0.753374,-1.900919|-0.01013551,0.9909883,0.08635696,0.1018918
Left:0.4348509,0.7657633,-2.07982|-0.08763517,0.7268916,0.07773042,0.676688
Right:0,0.1519,0|0,0,0,1
Head:0.4958192,0.753374,-1.900919|-0.01013551,0.9909883,0.08635696,0.1018918
Left:0.4348509,0.7657633,-2.07982|-0.08763517,0.7268916,0.07773042,0.676688
Right:0,0.1519,0|0,0,0,1
Head:0.4957825,0.7532656,-1.900904|-0.01014359,0.9909787,0.08641449,0.1019356
Left:0.4347787,0.7657474,-2.080787|-0.09366437,0.7275479,0.07236546,0.6757693
Right:0,0.1519,0|0,0,0,1
Head:0.4957825,0.7532656,-1.900904|-0.01014359,0.9909787,0.08641449,0.1019356
Left:0.4347787,0.7657474,-2.080787|-0.09366437,0.7275479,0.07236546,0.6757693
Right:0,0.1519,0|0,0,0,1
Head:0.4958588,0.7532614,-1.900939|-0.01014727,0.9910012,0.08632572,0.1017911
Left:0.4347144,0.7656431,-2.081952|-0.1002445,0.7282443,0.06646188,0.6746808
Right:0,0.1519,0|0,0,0,1
Head:0.4958588,0.7532614,-1.900939|-0.01014727,0.9910012,0.08632572,0.1017911
Left:0.4347144,0.7656431,-2.081952|-0.1002445,0.7282443,0.06646188,0.6746808
Right:0,0.1519,0|0,0,0,1
Head:0.4958166,0.7531629,-1.901089|-0.01021532,0.9910246,0.08612137,0.10173
Left:0.4346412,0.765427,-2.083431|-0.1075124,0.7289665,0.06007398,0.6733796
Right:0,0.1519,0|0,0,0,1
Head:0.4958166,0.7531629,-1.901089|-0.01021532,0.9910246,0.08612137,0.10173
Left:0.4346412,0.765427,-2.083431|-0.1075124,0.7289665,0.06007398,0.6733796
Right:0,0.1519,0|0,0,0,1
Head:0.4957612,0.7532099,-1.901056|-0.01030247,0.9910172,0.08619297,0.1017325
Left:0.4343733,0.765518,-2.08465|-0.1148817,0.7294973,0.05376723,0.6721199
Right:0,0.1519,0|0,0,0,1
Head:0.4957612,0.7532099,-1.901056|-0.01030247,0.9910172,0.08619297,0.1017325
Left:0.4343733,0.765518,-2.08465|-0.1148817,0.7294973,0.05376723,0.6721199
Right:0,0.1519,0|0,0,0,1
Head:0.4958597,0.7531881,-1.9011|-0.01019707,0.9910332,0.08616296,0.101613
Left:0.4344815,0.7655303,-2.085869|-0.1220127,0.7300979,0.04736659,0.6706909
Right:0,0.1519,0|0,0,0,1
Head:0.4958597,0.7531881,-1.9011|-0.01019707,0.9910332,0.08616296,0.101613
Left:0.4344815,0.7655303,-2.085869|-0.1220127,0.7300979,0.04736659,0.6706909
Right:0,0.1519,0|0,0,0,1
Head:0.4959383,0.7532042,-1.901117|-0.01008466,0.9910465,0.08623808,0.1014306
Left:0.4344116,0.7655015,-2.08692|-0.1289101,0.7304551,0.04154751,0.6693962
Right:0,0.1519,0|0,0,0,1
Head:0.4959314,0.7532296,-1.901003|-0.0101208,0.9910309,0.08646457,0.1013867
Left:0.4344357,0.765545,-2.087914|-0.1355847,0.7308497,0.03592924,0.6679705
Right:0,0.1519,0|0,0,0,1
Head:0.4959314,0.7532296,-