Head:0.7269822,1.507686,0.6178463|0.2115353,-0.8246614,0.1231313,0.5099266
Left:0.6208253,1.321772,0.4111462|-0.5775776,-0.1360173,-0.3719464,0.7138342
Right:0.5470012,1.310916,0.5882919|0.1516073,0.7853765,0.5968418,0.06307749
Head:0.7262739,1.507806,0.6173222|0.2105424,-0.8241586,0.1205914,0.511754
Left:0.6206346,1.322548,0.4093778|-0.5766581,-0.1352841,-0.375825,0.7126845
Right:0.5463308,1.311449,0.5902786|0.1546966,0.7845964,0.5973702,0.06021832
Head:0.7255356,1.507922,0.6166759|0.2096293,-0.8235584,0.1182153,0.5136461
Left:0.6200833,1.323372,0.4076133|-0.5757381,-0.134538,-0.3789392,0.7119201
Right:0.5451673,1.312258,0.5930007|0.1577013,0.7835395,0.5983145,0.05671027
Head:0.7248362,1.508072,0.6163459|0.2086233,-0.8230103,0.115588,0.5155287
Left:0.6193579,1.32427,0.4051323|-0.5741851,-0.1338422,-0.3824621,0.7114215
Right:0.5439321,1.313218,0.5953624|0.1604166,0.7825536,0.5991657,0.05363521
Head:0.7240441,1.50827,0.6160629|0.2073126,-0.8225209,0.1128652,0.5174383
Left:0.619324,1.325297,0.4030211|-0.5727607,-0.1323489,-0.3857128,0.711094
Right:0.5433072,1.314117,0.5985615|0.1631419,0.7813719,0.6002318,0.05064123
Head:0.7234034,1.508455,0.6158841|0.2056051,-0.8220934,0.1100481,0.5194019
Left:0.6191492,1.326567,0.4009333|-0.5718626,-0.130133,-0.388603,0.7106521
Right:0.542245,1.315136,0.6016879|0.1659007,0.7804798,0.6008766,0.04770193
Head:0.7227359,1.508701,0.6158073|0.2041914,-0.8216369,0.1074809,0.5212163
Left:0.6190341,1.327628,0.3985207|-0.5720608,-0.127384,-0.390545,0.7099257
Right:0.5415502,1.316065,0.6053147|0.1694938,0.7797839,0.6010172,0.04457752
Head:0.7220552,1.508974,0.6157796|0.2025988,-0.8212177,0.1050311,0.5229949
Left:0.6193265,1.328886,0.3959959|-0.5725195,-0.1247976,-0.3919387,0.7092469
Right:0.5413759,1.317032,0.6089325|0.1741338,0.7792132,0.600649,0.0415337
Head:0.7214436,1.509336,0.6156824|0.2011639,-0.8208123,0.1027514,0.5246356
Left:0.6193724,1.33063,0.3932612|-0.5735741,-0.1222902,-0.3927527,0.7083806
Right:0.5409905,1.318208,0.6129279|0.1788402,0.778439,0.600468,0.0385621
Head:0.7208579,1.509642,0.6158538|0.1998262,-0.8204631,0.1005812,0.5261115
Left:0.619305,1.33211,0.3897214|-0.5748753,-0.1202984,-0.3946504,0.70661
Right:0.5405209,1.319169,0.6164722|0.1823926,0.7778466,0.6003795,0.03510132
Head:0.7205807,1.510023,0.6160676|0.1983737,-0.8202993,0.09837236,0.5273328
Left:0.6201372,1.333952,0.3860202|-0.5769901,-0.1197859,-0.397321,0.7034699
Right:0.5407003,1.320158,0.620168|0.1860168,0.7769717,0.6006083,0.03134612
Head:0.7201894,1.51045,0.6162167|0.197166,-0.820022,0.09668785,0.5285271
Left:0.6200594,1.33589,0.3827245|-0.5785463,-0.1202492,-0.4000841,0.7005405
Right:0.5406012,1.32139,0.6243267|0.1893052,0.7755598,0.6016206,0.02689463
Head:0.7198814,1.510951,0.6165388|0.195989,-0.8198072,0.09504376,0.5295952
Left:0.6198469,1.337734,0.3786314|-0.580656,-0.1215846,-0.4031909,0.6967733
Right:0.5407116,1.322614,0.6280069|0.1915422,0.7739998,0.6031005,0.02248721
Head:0.7195911,1.511461,0.6169872|0.1949292,-0.8195489,0.09345445,0.5306679
Left:0.6197202,1.33982,0.3746369|-0.5831968,-0.1252518,-0.4068474,0.6918589
Right:0.5411708,1.323687,0.6320255|0.1938786,0.7722859,0.6046776,0.01872725
Head:0.7194915,1.511963,0.6175616|0.1938958,-0.8191885,0.09191205,0.5318711
Left:0.6192604,1.34198,0.3708508|-0.5851563,-0.1298326,-0.4106321,0.6871077
Right:0.5417092,1.324776,0.6361196|0.1961097,0.7707398,0.6060148,0.01572505
Head:0.7194328,1.512526,0.6181917|0.1930386,-0.8189544,0.09048589,0.532787
Left:0.6186667,1.343911,0.3669405|-0.5866756,-0.1344596,-0.4145831,0.6825344
Right:0.5423136,1.325592,0.6398971|0.1981811,0.7697417,0.6066649,0.01341025
Head:0.719348,1.51307,0.618902|0.1921867,-0.8186987,0.08914196,0.5337139
Left:0.6183425,1.345854,0.363461|-0.5880898,-0.1378776,-0.4174559,0.6788746
Right:0.5432765,1.326357,0.6431828|0.1999143,0.7698054,0.6060393,0.01225926
Head:0.7195113,1.513682,0.6198428|0.1914791,-0.8185093,0.08802091,0.5344443
Left:0.6178612,1.347969,0.3601151|-0.5895131,-0.1410859,-0.4191968,0.6759017
Right:0.5440885,1.327255,0.6463921|0.2017401,0.7697206,0.6055664,0.01098022
Head:0.7198203,1.514198,0.6207922|0.1907271,-0.8183975,0.08691895,0.5350643
Left:0.6175684,1.349516,0.3576074|-0.5910633,-0.1424081,-0.4203085,0.6735762
Right:0.5453404,1.327759,0.6491113|0.2035052,0.7704682,0.6040339,0.01036358
Head:0.7202438,1.514704,0.6217759|0.1898249,-0.8184032,0.08564327,0.535582
Left:0.6180177,1.351256,0.3549633|-0.592922,-0.1435887,-0.4216136,0.6708709
Right:0.5468954,1.328253,0.65154|0.2050981,0.7712275,0.6025479,0.008894815
Head:0.720854,1.515141,0.6229014|0.1889807,-0.8183418,0.08450061,0.5361555
Left:0.6182091,1.352942,0.3531308|-0.5946621,-0.1447262,-0.4228467,0.6683053
Right:0.5485432,1.328371,0.6535814|0.2072235,0.7714257,0.6015781,0.008033952
Head:0.7215189,1.515608,0.6241002|0.1881073,-0.8183688,0.08312872,0.5366356
Left:0.6184331,1.354258,0.3518708|-0.5955603,-0.1459478,-0.4259231,0.6652794
Right:0.5501723,1.328802,0.6555865|0.2088631,0.770962,0.6016132,0.00744779
Head:0.7221706,1.516042,0.6254165|0.1870986,-0.8185296,0.08170089,0.5369623
Left:0.6191478,1.355675,0.3505532|-0.5963407,-0.1471741,-0.4289963,0.6623292
Right:0.5518391,1.329088,0.6575572|0.2096647,0.7706342,0.6017607,0.006916929
Head:0.7229468,1.516462,0.6267073|0.1861694,-0.8186805,0.08031893,0.5372635
Left:0.6196576,1.357014,0.3504131|-0.5961575,-0.1478066,-0.4316412,0.6606326
Right:0.5533941,1.329355,0.6593273|0.2099403,0.7704837,0.6018575,0.006902912
Head:0.7238762,1.51685,0.6281302|0.1852224,-0.8187966,0.07882609,0.5376348
Left:0.620108,1.35785,0.350559|-0.5956745,-0.1478506,-0.4337629,0.659668
Right:0.555195,1.329565,0.660934|0.2093337,0.7701609,0.6024737,0.007551112
Head:0.7238762,1.51685,0.6281302|0.1852224,-0.8187966,0.07882609,0.5376348
Left:0.620108,1.35785,0.350559|-0.5956745,-0.1478506,-0.4337629,0.659668
Right:0.555195,1.329565,0.660934|0.2093337,0.7701609,0.6024737,0.007551112
Head:0.724822,1.517204,0.6297309|0.1841917,-0.819018,0.07735667,0.5378652
Left:0.6212218,1.358625,0.351351|-0.5949362,-0.1473764,-0.435398,0.6593631
Right:0.5572002,1.329623,0.6624591|0.208291,0.7700342,0.6029803,0.008775276
Head:0.7259556,1.517498,0.6314209|0.1831535,-0.8191572,0.07611659,0.5381844
Left:0.621806,1.359661,0.3522747|-0.5942266,-0.1471137,-0.4368363,0.6591103
Right:0.5589395,1.32975,0.663923|0.206665,0.7705697,0.6028305,0.01036125
Head:0.7270515,1.517664,0.6331775|0.1823641,-0.8193049,0.07486638,0.5384031
Left:0.622506,1.359663,0.3544892|-0.5931045,-0.145225,-0.4373986,0.6601661
Right:0.5605901,1.329616,0.6654534|0.2050333,0.7711967,0.6025625,0.01163805
Head:0.7282354,1.517879,0.6350062|0.1813096,-0.8195876,0.07355625,0.5385095
Left:0.6240659,1.359488,0.3573443|-0.5930679,-0.1417112,-0.436374,0.661639
Right:0.5626181,1.32959,0.6666028|0.2021846,0.7724452,0.6018928,0.01322169
Head:0.7295748,1.518072,0.6369231|0.1803304,-0.8196471,0.07257766,0.5388805
Left:0.6251136,1.359719,0.3598325|-0.5930129,-0.1396677,-0.4361585,0.6622646
Right:0.5643458,1.329748,0.6679893|0.1998572,0.7730756,0.6018327,0.01444729
Head:0.7309303,1.518255,0.6388688|0.1793872,-0.8198134,0.07164139,0.5390674
Left:0.6263537,1.35922,0.3628764|-0.5933656,-0.137184,-0.4353258,0.6630153
Right:0.5661355,1.330152,0.6695971|0.197808,0.7728806,0.602731,0.01558298
Head:0.7322553,1.518382,0.6409643|0.1783413,-0.8200912,0.07084817,0.5390968
Left:0.6279612,1.358786,0.3659756|-0.5938342,-0.1353102,-0.4344729,0.6635401
Right:0.5680051,1.330777,0.6714153|0.1971422,0.7719014,0.6041873,0.01615346
Head:0.7336735,1.518543,0.6430573|0.1774658,-0.8203221,0.07035349,0.5390992
Left:0.629277,1.358138,0.3695385|-0.5943941,-0.1346441,-0.4325523,0.6644284
Right:0.5697116,1.331539,0.6732256|0.1963398,0.7709377,0.6056433,0.01737842
Head:0.7351425,1.518709,0.6452754|0.1764233,-0.8206955,0.06976882,0.5389491
Left:0.6307434,1.356869,0.3739612|-0.5949087,-0.1340571,-0.4308863,0.6651686
Right:0.5712422,1.332842,0.6755068|0.1964649,0.7690938,0.6079263,0.01794153
Head:0.7364287,1.518908,0.6475945|0.1752823,-0.8211296,0.06935034,0.5387142
Left:0.6326786,1.35539,0.3785682|-0.5957139,-0.1331203,-0.4289423,0.6658923
Right:0.5728044,1.334008,0.6775568|0.1960536,0.7680483,0.6093618,0.01852274
Head:0.7378846,1.519145,0.6501954|0.1740654,-0.8217567,0.06907114,0.5381881
Left:0.6345315,1.353788,0.3835285|-0.5963964,-0.1316901,-0.4259557,0.6674809
Right:0.5740694,1.335688,0.6801622|0.1955497,0.7666841,0.6111891,0.02009216
Head:0.7393734,1.519352,0.6527107|0.1732202,-0.8223667,0.06877332,0.5375668
Left:0.6365066,1.351599,0.3887868|-0.5966204,-0.130186,-0.4223053,0.6698911
Right:0.5752431,1.337316,0.6826015|0.1945826,0.7659991,0.6122809,0.02225257
Head:0.7407788,1.519573,0.6554191|0.1723856,-0.8230254,0.06873702,0.536831
Left:0.6386378,1.349546,0.3938491|-0.5965057,-0.1287694,-0.4189548,0.6723661
Right:0.5764526,1.339099,0.6849639|0.1939781,0.7661246,0.6122197,0.0247523
Head:0.7422954,1.519786,0.6582534|0.171791,-0.8235922,0.06871372,0.536155
Left:0.6410215,1.346957,0.3993964|-0.5955234,-0.127655,-0.4162172,0.6751439
Right:0.5776013,1.340793,0.6872518|0.1938494,0.7661802,0.6120858,0.02722667
Head:0.7437683,1.519959,0.6611502|0.1713576,-0.8241521,0.06861818,0.5354451
Left:0.643471,1.343979,0.40522|-0.5944375,-0.126334,-0.4134411,0.6780488
Right:0.5785447,1.342545,0.6899083|0.1946723,0.7665077,0.6113006,0.02966993
Head:0.7452713,1.520226,0.6641777|0.1707756,-0.8248482,0.06843307,0.5345821
Left:0.6463506,1.341074,0.4108129|-0.5944342,-0.1255907,-0.4096065,0.6805128
Right:0.5796803,1.344414,0.6926155|0.1967206,0.7665148,0.6105506,0.03136791
Head:0.7466862,1.520533,0.6672518|0.1703932,-0.8254051,0.06806933,0.5338907
Left:0.648971,1.338347,0.416302|-0.5949815,-0.1253763,-0.4057643,0.6823731
Right:0.5804231,1.346434,0.695488|0.1997738,0.7655367,0.6107426,0.03221038
Head:0.7481083,1.520756,0.6704917|0.170157,-0.8258871,0.06734937,0.5333115
Left:0.6516753,1.335297,0.4215834|-0.5971208,-0.1254899,-0.4010221,0.6832864
Right:0.5811911,1.348265,0.6985862|0.201341,0.7646646,0.6112751,0.03305537
Head:0.7495391,1.520991,0.6737938|0.1698955,-0.8262504,0.06667336,0.5329169
Left:0.6547505,1.332314,0.4267514|-0.6003628,-0.1252957,-0.3956471,0.6836146
Right:0.5820348,1.350116,0.7017596|0.2027143,0.7638737,0.6117844,0.03352236
Head:0.7510136,1.521206,0.6772451|0.1698413,-0.8265029,0.06596413,0.5326308
Left:0.6577215,1.329283,0.4319065|-0.6029656,-0.1257338,-0.3909904,0.6839225
Right:0.582491,1.35192,0.7051678|0.2038237,0.7631458,0.6122992,0.03397131
Head:0.7524961,1.52132,0.6807399|0.1698346,-0.8267493,0.0652429,0.5323394
Left:0.6606516,1.32634,0.4367614|-0.6060311,-0.1279277,-0.3858978,0.6836987
Right:0.5830432,1.353448,0.7086458|0.2047596,0.7627193,0.6124715,0.03480492
Head:0.7539508,1.521397,0.6843674|0.1699414,-0.826798,0.06456815,0.5323119
Left:0.663453,1.323438,0.4418576|-0.60787,-0.129477,-0.3809095,0.6845711
Right:0.5834912,1.354755,0.7120864|0.2049176,0.7630836,0.6119208,0.03556915
Head:0.7555459,1.521448,0.6880863|0.1701579,-0.826783,0.06383705,0.5323542
Left:0.6663639,1.320448,0.4469769|-0.6083185,-0.131592,-0.3765456,0.6861819
Right:0.5839795,1.355827,0.7156105|0.2046921,0.7636677,0.6111919,0.03684011
Head:0.757181,1.521431,0.6917911|0.1706373,-0.8266999,0.06311531,0.5324159
Left:0.6694201,1.317606,0.4521673|-0.6076297,-0.132726,-0.3733591,0.6883116
Right:0.5845405,1.356649,0.7190714|0.205017,0.7640898,0.6104845,0.03799433
Head:0.758752,1.521402,0.6955528|0.1711389,-0.8265498,0.06258756,0.5325502
Left:0.672517,1.314756,0.4572718|-0.6061774,-0.1331096,-0.3707884,0.6909028
Right:0.5852051,1.357417,0.7224588|0.2063368,0.7645006,0.6094593,0.03903159
Head:0.7604318,1.521293,0.6993623|0.1718564,-0.8262943,0.06221354,0.5327594
Left:0.6758617,1.311919,0.462254|-0.6047198,-0.1340722,-0.3689379,0.6929815
Right:0.5860499,1.357665,0.7256887|0.2091254,0.7649775,0.6078347,0.04016378
Head:0.7621443,1.52111,0.7031963|0.1726962,-0.8259941,0.06175027,0.5330072
Left:0.6791973,1.309436,0.4669662|-0.6033112,-0.1353232,-0.3677206,0.6946113
Right:0.5869762,1.357877,0.7289531|0.2119007,0.7654821,0.6061716,0.04112697
Head:0.7638591,1.520933,0.7070978|0.1735064,-0.8257079,0.06133447,0.5332355
Left:0.6826258,1.306946,0.4716263|-0.6022537,-0.1367893,-0.3660219,0.6961372
Right:0.5884927,1.357223,0.7320778|0.2154922,0.7664939,0.6035662,0.04193009
Head:0.765554,1.520742,0.7109039|0.1742655,-0.8253541,0.06106219,0.5335669
Left:0.6859017,1.304744,0.4759922|-0.6012944,-0.1394358,-0.364742,0.6971126
Right:0.5896466,1.35682,0.7351296|0.2178192,0.7672514,0.6017082,0.04274828
Head:0.7672691,1.520506,0.7147799|0.174974,-0.8250597,0.06050429,0.533854
Left:0.6892598,1.302858,0.4800024|-0.6006438,-0.1424254,-0.363963,0.6974761
Right:0.5908785,1.35595,0.7383611|0.2186827,0.768178,0.6001936,0.0429886
Head:0.7688359,1.520222,0.7186534|0.1755527,-0.824652,0.06011749,0.5343372
Left:0.6923537,1.301069,0.4839177|-0.5999284,-0.1453101,-0.3623922,0.6983142
Right:0.5922202,1.354943,0.7416472|0.2183926,0.7688978,0.5993912,0.04279178
Head:0.7705536,1.519982,0.7224782|0.1763959,-0.8241915,0.05958745,0.5348292
Left:0.695756,1.299139,0.4878409|-0.5990958,-0.1478231,-0.3607924,0.6993292
Right:0.5937398,1.353803,0.7449183|0.2181,0.7693046,0.5989357,0.04334523
Head:0.7723569,1.519696,0.726341|0.1772503,-0.8237779,0.05898833,0.5352503
Left:0.69944,1.297878,0.4912961|-0.5978703,-0.1497197,-0.3601241,0.7003184
Right:0.5954661,1.35217,0.7485251|0.2150862,0.7691008,0.6003316,0.04270577
Head:0.7742713,1.519351,0.7301731|0.1780277,-0.8234481,0.05858053,0.5355444
Left:0.7031025,1.296616,0.4948704|-0.5957072,-0.1512112,-0.3599246,0.7019419
Right:0.5972606,1.350911,0.7520444|0.2128521,0.7694213,0.600751,0.04222649
Head:0.7761795,1.519015,0.733973|0.1787345,-0.8230588,0.05834674,0.5359328
Left:0.7067724,1.295253,0.4985476|-0.5934126,-0.1524247,-0.3593341,0.7039227
Right:0.5989587,1.349122,0.755533|0.2100659,0.7696666,0.6014878,0.0412103
Head:0.7778777,1.518623,0.7378013|0.179519,-0.8227499,0.05812355,0.5361692
Left:0.7107636,1.294362,0.5018711|-0.5901253,-0.1520412,-0.3594545,0.7067023
Right:0.6006766,1.346961,0.7589424|0.2080522,0.770221,0.6015558,0.04005604
Head:0.7798333,1.51825,0.7415259|0.1801899,-0.8225354,0.05779659,0.5363083
Left:0.7142268,1.293334,0.5052693|-0.5872951,-0.1525336,-0.358978,0.7091917
Right:0.6025222,1.344751,0.7620089|0.2064582,0.7715016,0.6005272,0.03908285
Head:0.7818409,1.517888,0.7452571|0.1808846,-0.8222984,0.0573861,0.536482
Left:0.7181262,1.292492,0.5088718|-0.5839065,-0.1528119,-0.3588975,0.7119651
Right:0.6046516,1.34244,0.7650545|0.2049768,0.7729321,0.5992081,0.0388633
Head:0.7839185,1.517598,0.7488501|0.1816491,-0.8220534,0.05685496,0.5366556
Left:0.7221713,1.292099,0.5116317|-0.5804953,-0.1532834,-0.360231,0.7139769
Right:0.6068117,1.340184,0.7679653|0.2034555,0.774269,0.5980268,0.03843548
Head:0.785894,1.517233,0.7525332|0.1822888,-0.8219565,0.05625217,0.5366508
Left:0.7257257,1.291624,0.5145416|-0.5763208,-0.1544501,-0.3623742,0.7160198
Right:0.6093835,1.337744,0.770704|0.2020023,0.7756326,0.5967856,0.03789698
Head:0.7879335,1.516836,0.7560737|0.1829231,-0.8218037,0.05569082,0.5367274
Left:0.7293811,1.29118,0.5175114|-0.5719191,-0.1558353,-0.3647656,0.718032
Right:0.6120532,1.335175,0.7732913|0.2008565,0.7763188,0.596302,0.03754724
Head:0.7899357,1.516382,0.7596686|0.1834828,-0.8216974,0.05493781,0.5367768
Left:0.733174,1.290992,0.5200448|-0.5675615,-0.1572718,-0.3681742,0.7194354
Right:0.6146856,1.332703,0.7761033|0.1990712,0.7765184,0.5966579,0.0372739
Head:0.7919884,1.515896,0.7631905|0.1839161,-0.8216422,0.05416175,0.5367919
Left:0.736868,1.290415,0.5223587|-0.5632147,-0.1592905,-0.3711874,0.7208577
Right:0.6174716,1.330384,0.7788908|0.1964886,0.7768976,0.5970305,0.03710762
Head:0.7961895,1.514776,0.7701299|0.1845927,-0.8216651,0.05291259,0.536649
Left:0.74443,1.290092,0.5273092|-0.555063,-0.160902,-0.3755293,0.7245643
Right:0.6227129,1.32569,0.784518|0.1889075,0.7773578,0.5987795,0.03862503
Head:0.7983555,1.514112,0.7734835|0.1846536,-0.8219638,0.05237364,0.5362234
Left:0.7477138,1.29012,0.5296924|-0.5510654,-0.1615937,-0.3769129,0.72674
Right:0.6254402,1.323506,0.7870843|0.1860262,0.7776802,0.5992517,0.03879614
Head:0.8004994,1.513434,0.7767079|0.1847767,-0.8222557,0.05194432,0.535775
Left:0.7512574,1.290151,0.5317783|-0.5476102,-0.1620087,-0.3778971,0.7287455
Right:0.6278747,1.321282,0.7894766|0.183421,0.7781695,0.5994191,0.03880598
Head:0.8028027,1.512593,0.7800176|0.1849066,-0.8227255,0.05110965,0.5350888
Left:0.7549375,1.29043,0.5335782|-0.5439627,-0.162948,-0.3799811,0.7301828
Right:0.6302724,1.31908,0.7915831|0.1821993,0.7791564,0.5985134,0.03873579
Head:0.8050413,1.511602,0.7832081|0.1848783,-0.8231248,0.05030378,0.5345607
Left:0.7586738,1.290377,0.535351|-0.5393435,-0.1644471,-0.3833147,0.7315297
Right:0.633243,1.316734,0.7936144|0.1810833,0.7801617,0.597502,0.03934638
Head:0.8072044,1.510585,0.7863588|0.1852069,-0.8235233,0.04949661,0.533908
Left:0.7624838,1.290595,0.537524|-0.5334431,-0.1656029,-0.3889447,0.7326228
Right:0.6359223,1.314719,0.7953088|0.1814768,0.7813379,0.5957506,0.0407239
Head:0.8093984,1.509587,0.7895234|0.1858159,-0.8238829,0.04845899,0.5332364
Left:0.7666618,1.291275,0.5395942|-0.526215,-0.1674761,-0.3959185,0.7336881
Right:0.6386384,1.312842,0.7972178|0.1810322,0.7822508,0.5946111,0.04181621
Head:0.8112397,1.508427,0.7927577|0.1870512,-0.8241845,0.04734243,0.5324381
Left:0.7701201,1.291702,0.541976|-0.5190697,-0.1693785,-0.4015676,0.7352694
Right:0.6412761,1.311225,0.799125|0.181028,0.7828842,0.5936583,0.0434863
Head:0.8132453,1.507231,0.7960846|0.1882017,-0.8243396,0.04611924,0.5318998
Left:0.7743701,1.292354,0.545085|-0.5117435,-0.1705976,-0.4067602,0.7372661
Right:0.644111,1.309543,0.8014259|0.1806682,0.7829449,0.593532,0.04556408
Head:0.8150353,1.506045,0.7991962|0.1895146,-0.8244427,0.04497318,0.5313716
Left:0.7788664,1.293645,0.5475061|-0.505861,-0.1701271,-0.4103374,0.7394489
Right:0.6469858,1.308521,0.8034744|0.1796495,0.7824801,0.5942644,0.04796695
Head:0.8168466,1.50478,0.8022664|0.1910284,-0.824506,0.04390435,0.5308205
Left:0.782756,1.294719,0.5500546|-0.5007129,-0.1693134,-0.4129084,0.7417049
Right:0.6497657,1.307755,0.8056126|0.1779789,0.7819982,0.5952789,0.04945136
Head:0.8185423,1.503584,0.8053343|0.1927398,-0.8245036,0.04301944,0.5302778
Left:0.7872693,1.296133,0.5529499|-0.4964746,-0.1668901,-0.4149967,0.7439345
Right:0.6524166,1.30734,0.8079636|0.1765718,0.7811408,0.5966794,0.05113912
Head:0.8199615,1.502497,0.8083584|0.1948773,-0.8243513,0.04232558,0.5297889
Left:0.7913111,1.298139,0.5556269|-0.490898,-0.1648731,-0.4170764,0.7469159
Right:0.6550595,1.307327,0.8101838|0.1756066,0.7800393,0.598252,0.05287297
Head:0.8213774,1.501512,0.8113589|0.1970249,-0.8241353,0.04162616,0.529386
Left:0.7947882,1.29985,0.5583813|-0.4847663,-0.1639175,-0.4198113,0.749594
Right:0.6576175,1.307329,0.8123307|0.1752128,0.7795011,0.5989425,0.05428195
Head:0.8224729,1.500811,0.8142483|0.1992708,-0.8237577,0.04116504,0.5291691
Left:0.7983151,1.301961,0.5612304|-0.477673,-0.1622267,-0.4233374,0.7525267
Right:0.6600289,1.307953,0.8143878|0.1754666,0.7792932,0.5990111,0.05567183
Head:0.8235847,1.500153,0.8172877|0.2013815,-0.8234184,0.04055785,0.5289449
Left:0.8017611,1.304352,0.5642443|-0.4698512,-0.1603473,-0.4279188,0.7552576
Right:0.6623256,1.308914,0.8162348|0.1768184,0.7793338,0.5984078,0.05729017
Head:0.8243155,1.499892,0.820291|0.2036867,-0.8227091,0.04018997,0.5291941
Left:0.8048563,1.306968,0.5673032|-0.4617538,-0.158511,-0.4313797,0.7586628
Right:0.6646558,1.31029,0.8180053|0.1794467,0.7794116,0.5973899,0.05866841
Head:0.8243155,1.499892,0.820291|0.2036867,-0.8227091,0.04018997,0.5291941
Left:0.8048563,1.306968,0.5673032|-0.4617538,-0.158511,-0.4313797,0.7586628
Right:0.6646558,1.31029,0.8180053|0.1794467,0.7794116,0.5973899,0.05866841
Head:0.8248988,1.499971,0.8265436|0.2091687,-0.8202799,0.03852764,0.5309472
Left:0.809834,1.312999,0.5745294|-0.4447543,-0.1538748,-0.4359849,0.7670941
Right:0.6685306,1.313993,0.8218851|0.1861384,0.7789699,0.5956907,0.06091817
Head:0.8248986,1.500378,0.8296354|0.2118361,-0.8186514,0.03722914,0.5324935
Left:0.8110342,1.317136,0.5782044|-0.436832,-0.1517156,-0.4364681,0.7717875
Right:0.6702107,1.316134,0.8237951|0.1891795,0.7785635,0.5951877,0.06165747
Head:0.8246822,1.500957,0.8327687|0.2141568,-0.8167699,0.03578222,0.5345498
Left:0.8122064,1.321502,0.5819881|-0.4290192,-0.1491184,-0.436909,0.7764128
Right:0.671401,1.319452,0.8260219|0.1910888,0.7776775,0.5956085,0.06287674
Head:0.8239839,1.50192,0.835911|0.2157475,-0.8150049,0.03413825,0.5367071
Left:0.8134167,1.326355,0.5856986|-0.4203783,-0.1456959,-0.4396884,0.7802109
Right:0.6727937,1.322722,0.8278801|0.1926404,0.7770298,0.5958228,0.06410601
Head:0.8232582,1.502744,0.8390338|0.216899,-0.8133553,0.03253305,0.538841
Left:0.814374,1.330784,0.5895832|-0.4108939,-0.1421303,-0.4436199,0.7836878
Right:0.673411,1.32629,0.8297713|0.1942736,0.77632,0.5961686,0.06456141
Head:0.8224344,1.503597,0.8422773|0.218221,-0.8116812,0.03106204,0.5409144
Left:0.8154608,1.335637,0.5939882|-0.4007969,-0.136695,-0.4493435,0.7866173
Right:0.6739976,1.329877,0.8318951|0.1960802,0.775474,0.5966414,0.06489843
Head:0.8213073,1.504421,0.845567|0.2196963,-0.8099742,0.02953975,0.5429574
Left:0.8165366,1.340753,0.5980744|-0.3914661,-0.1316403,-0.4535981,0.7897303
Right:0.6740618,1.334176,0.8336148|0.1988965,0.7743745,0.5971318,0.06494545
Head:0.8200867,1.505169,0.8490031|0.2212007,-0.8082633,0.02782735,0.5449829
Left:0.8173563,1.345551,0.6019797|-0.3835398,-0.1267174,-0.4556383,0.7932425
Right:0.6738494,1.33818,0.8353927|0.2019248,0.7732067,0.5976681,0.06458212
Head:0.8186545,1.505949,0.8525043|0.2229605,-0.8064156,0.02577693,0.5470997
Left:0.8181477,1.350143,0.605731|-0.3763736,-0.1225751,-0.4575984,0.7961922
Right:0.6728422,1.342529,0.8369493|0.205741,0.7708068,0.5996693,0.06264453
Head:0.8170812,1.506599,0.856364|0.2248794,-0.8045635,0.02335087,0.5491463
Left:0.8186206,1.354753,0.6090782|-0.3708957,-0.1202218,-0.4583305,0.7986966
Right:0.6723571,1.346562,0.8383739|0.2086487,0.7688147,0.6012908,0.06195989
Head:0.8151546,1.50717,0.8605173|0.2270303,-0.8025618,0.02037459,0.5513046
Left:0.8184,1.358916,0.6125734|-0.3659646,-0.1192695,-0.4567684,0.8020021
Right:0.671057,1.350396,0.8397813|0.2099,0.7667034,0.603613,0.06131409
Head:0.8130947,1.507526,0.8649487|0.2292392,-0.8002138,0.01713447,0.5539076
Left:0.817564,1.362214,0.6160946|-0.3600355,-0.1202228,-0.4569265,0.8044496
Right:0.6695487,1.353424,0.8408988|0.209097,0.7652048,0.6058823,0.06038722
Head:0.8105186,1.507412,0.8697541|0.2318528,-0.797608,0.01274452,0.5566896
Left:0.8161386,1.364482,0.6199105|-0.3516724,-0.1218272,-0.4597228,0.8063123
Right:0.6677528,1.355636,0.8416543|0.2064345,0.7645622,0.6075872,0.06055789
Head:0.8078543,1.507135,0.8747375|0.2342367,-0.7947296,0.007927055,0.5598887
Left:0.8139538,1.366432,0.6239653|-0.3430631,-0.1234033,-0.4616382,0.8086838
Right:0.6655605,1.357203,0.8420827|0.203111,0.7651882,0.6078333,0.06141387
Head:0.8051445,1.506464,0.8798993|0.2364761,-0.791417,0.002513582,0.5636771
Left:0.8112228,1.366914,0.6283774|-0.3333481,-0.1270599,-0.4614657,0.812271
Right:0.6634097,1.357755,0.8420093|0.1994895,0.767145,0.6063851,0.06316405
Head:0.8021842,1.504949,0.8853691|0.238473,-0.7878844,-0.004085254,0.5677608
Left:0.8076937,1.36657,0.6330132|-0.3246461,-0.1296962,-0.4571158,0.8178197
Right:0.6614684,1.358106,0.8422649|0.1974392,0.7687935,0.6048743,0.06404284
Head:0.7993028,1.503137,0.8906486|0.2398434,-0.784291,-0.01033929,0.5720629
Left:0.8041826,1.365008,0.6376877|-0.3174077,-0.131212,-0.450738,0.8239363
Right:0.6595365,1.355775,0.8425739|0.202549,0.7698996,0.6016425,0.06522837
Head:0.7963454,1.500855,0.8960087|0.2411034,-0.7805989,-0.0168499,0.5764118
Left:0.8001395,1.362832,0.6425254|-0.3109365,-0.1315871,-0.4429212,0.8305566
Right:0.6577308,1.354338,0.8431675|0.2086935,0.7695477,0.5999723,0.06539563
Head:0.7931236,1.497133,0.9015439|0.2414249,-0.7767028,-0.02378994,0.5812753
Left:0.7958171,1.360472,0.6475472|-0.3033616,-0.1333819,-0.4371492,0.836111
Right:0.655746,1.351085,0.8445671|0.2194745,0.7686437,0.5975874,0.06250668
Head:0.7903415,1.492708,0.9067729|0.2401976,-0.7731286,-0.03043727,0.5862175
Left:0.7899781,1.3566,0.6524937|-0.2938916,-0.1375439,-0.4326343,0.8411522
Right:0.653945,1.347752,0.8458323|0.2279708,0.7684148,0.5949984,0.0595401
Head:0.7875299,1.487986,0.9118836|0.2391254,-0.7696097,-0.0362405,0.590937
Left:0.7833889,1.352345,0.6573999|-0.2799999,-0.1427556,-0.4306352,0.8460343
Right:0.65184,1.342334,0.8481824|0.2370965,0.7678167,0.5926455,0.05490115
Head:0.7849032,1.482387,0.9170182|0.2384162,-0.7660222,-0.041452,0.5955246
Left:0.7766977,1.34833,0.6621101|-0.2652988,-0.1480208,-0.4308785,0.8497353
Right:0.6501017,1.337955,0.8502369|0.2437674,0.7676167,0.5904179,0.05242803
Head:0.7825942,1.47553,0.9218347|0.2386107,-0.7618964,-0.04485598,0.600472
Left:0.7693458,1.34251,0.6661026|-0.2467946,-0.1519407,-0.4359773,0.8520154
Right:0.6485283,1.331101,0.8531654|0.2453775,0.7683786,0.5888661,0.05119471
Head:0.780313,1.468891,0.9267027|0.2396342,-0.7577005,-0.04842923,0.6050785
Left:0.7617419,1.336024,0.6698761|-0.2288524,-0.1453895,-0.4410702,0.8555382
Right:0.6468306,1.325416,0.8561404|0.2474361,0.7687255,0.5877702,0.04860867
Head:0.7782753,1.461866,0.931309|0.2428228,-0.75313,-0.04958602,0.6094043
Left:0.7547499,1.330459,0.6731482|-0.2157046,-0.1389923,-0.4417791,0.8596417
Right:0.6450418,1.319225,0.8591998|0.2487211,0.7690788,0.5870749,0.0447062
Head:0.7763146,1.454522,0.9356077|0.2487889,-0.7476535,-0.04963641,0.6137218
Left:0.7469573,1.324749,0.6751621|-0.2078977,-0.1315187,-0.4374029,0.8649625
Right:0.6433987,1.312185,0.8629107|0.2503904,0.7686685,0.5872847,0.03937032
Head:0.7742668,1.447289,0.9398656|0.2562853,-0.7411062,-0.05037801,0.6184994
Left:0.7382119,1.319891,0.6780732|-0.2016063,-0.1270005,-0.4324296,0.8696151
Right:0.6424693,1.304797,0.8671179|0.2563833,0.7668579,0.5874201,0.03367758
Head:0.7719752,1.4403,0.9436386|0.2653517,-0.7331264,-0.05116407,0.6240966
Left:0.7269384,1.316297,0.6788542|-0.1988284,-0.1235368,-0.4251994,0.8743063
Right:0.6415588,1.297153,0.8711579|0.2652944,0.7647048,0.5866442,0.02634323
Head:0.7694718,1.433539,0.9467957|0.2738656,-0.7240543,-0.05289991,0.6308285
Left:0.7134842,1.31284,0.6790416|-0.1935808,-0.117739,-0.4165078,0.8804461
Right:0.6416049,1.289342,0.8750353|0.2736104,0.7633968,0.5848477,0.01777182
Head:0.7664453,1.427225,0.9493771|0.2807787,-0.7148353,-0.05562865,0.6380277
Left:0.6967825,1.310543,0.6792819|-0.1837809,-0.111239,-0.406085,0.888226
Right:0.641986,1.281554,0.8788517|0.2787035,0.7638768,0.5820097,0.009027429
Head:0.7627127,1.4216,0.9512227|0.2854831,-0.7053618,-0.05913699,0.6461168
Left:0.6758556,1.309582,0.6794119|-0.1714582,-0.1053837,-0.3996462,0.8943038
Right:0.6423083,1.273856,0.8824461|0.2813311,0.7651109,0.579186,0.001318981
Head:0.7584997,1.416395,0.9523308|0.2887589,-0.6961371,-0.06306607,0.6542432
Left:0.6544249,1.307618,0.6795897|-0.1579864,-0.09895815,-0.3966037,0.8988621
Right:0.6436163,1.265997,0.8852491|-0.2806831,-0.7686356,-0.57477,0.007470514
Head:0.7539027,1.411615,0.9523308|0.2919165,-0.6872949,-0.06642768,0.661814
Left:0.6206934,1.307053,0.6787736|-0.1372672,-0.08621345,-0.4002763,0.9019445
Right:0.6450059,1.258441,0.8877552|-0.2807134,-0.7731791,-0.5684165,0.01722803
Head:0.7490636,1.406804,0.9515507|0.2960221,-0.6791981,-0.06861828,0.6680961
Left:0.5893652,1.30546,0.676728|-0.1226255,-0.07091109,-0.3990964,0.905901
Right:0.6462044,1.251204,0.8892944|-0.2815693,-0.7782077,-0.5606012,0.02894566
Head:0.7442417,1.40229,0.949343|0.3022836,-0.6727767,-0.06870585,0.6717705
Left:0.5479622,1.304211,0.6710415|-0.1149755,-0.05558959,-0.3937319,0.9103107
Right:0.6468468,1.244116,0.890631|-0.2832082,-0.7825575,-0.5529182,0.0409686
Head:0.7357988,1.393799,0.9417932|0.319961,-0.6631306,-0.0680649,0.6732384
Left:0.4474778,1.30419,0.654103|-0.08496883,-0.07826316,-0.3845227,0.9158589
Right:0.6489059,1.232832,0.8904443|-0.285039,-0.7925436,-0.5351395,0.06521595
Head:0.7316685,1.389891,0.9370542|0.3305427,-0.6586835,-0.07020412,0.6722715
Left:0.3865531,1.300784,0.6398549|-0.04657602,-0.1049299,-0.3933482,0.9121939
Right:0.6495479,1.227976,0.8894765|-0.2853968,-0.7972875,-0.5265834,0.07477412
Head:0.7277025,1.386798,0.9309785|0.3419971,-0.6538743,-0.07444393,0.670779
Left:0.3258753,1.294348,0.6207681|0.008346432,-0.1253914,-0.41487,0.9011605
Right:0.6492827,1.224019,0.8883114|-0.2842951,-0.8024214,-0.5180268,0.08333348
Head:0.7237083,1.384064,0.9248736|0.3525539,-0.6485429,-0.07895236,0.6699734
Left:0.2724248,1.283128,0.6015487|0.06448825,-0.1268411,-0.4310866,0.8910202
Right:0.6484796,1.220356,0.8868179|-0.2815888,-0.8081404,-0.5091904,0.09133478
Head:0.7194597,1.381851,0.9185927|0.3622572,-0.6419833,-0.08292919,0.670634
Left:0.2320765,1.269816,0.5819893|0.09891094,-0.1241467,-0.4373496,0.8851721
Right:0.6449344,1.218687,0.8835626|-0.2734459,-0.8141592,-0.5029244,0.09715559
Head:0.7152153,1.380173,0.9120488|0.3714525,-0.6352553,-0.08492941,0.6717594
Left:0.2112451,1.259898,0.565587|0.1239993,-0.1402784,-0.4263783,0.8849563
Right:0.6415383,1.216398,0.8811829|-0.2687847,-0.8174434,-0.4983485,0.1057822
Head:0.7108775,1.379371,0.9059412|0.3789643,-0.6303463,-0.08287977,0.6724437
Left:0.1916075,1.251951,0.5558405|0.1514149,-0.160362,-0.3929227,0.8927314
Right:0.6359442,1.21593,0.8778496|-0.2655432,-0.816938,-0.4981048,0.1182823
Head:0.7062197,1.379305,0.9003341|0.381594,-0.6306337,-0.07710671,0.6713731
Left:0.1941218,1.243537,0.5536549|0.1615329,-0.1676856,-0.3502204,0.9072675
Right:0.6297829,1.215572,0.8744147|-0.2682926,-0.8140433,-0.4983158,0.1305143
Head:0.7015665,1.379913,0.8954041|0.378191,-0.6368951,-0.06922651,0.6682395
Left:0.2083852,1.241355,0.558454|0.1555922,-0.1468215,-0.3605508,0.9078754
Right:0.6254253,1.215451,0.8713393|-0.2728721,-0.8122685,-0.4968988,0.1373038
Head:0.6970851,1.380679,0.8909292|0.3715722,-0.6455462,-0.06339799,0.6642175
Left:0.2228125,1.240375,0.5658782|0.1406915,-0.132495,-0.3614809,0.9121308
Right:0.621756,1.215341,0.8669631|-0.2746726,-0.8136369,-0.4928409,0.1402067
Head:0.6928728,1.381555,0.8867757|0.3672815,-0.6516884,-0.06192383,0.660736
Left:0.2328231,1.238931,0.5715177|0.1198977,-0.1227028,-0.362866,0.9159131
Right:0.6192549,1.215708,0.8617091|-0.2725676,-0.8188491,-0.4876125,0.1320119
Head:0.6893091,1.382625,0.8827493|0.3669576,-0.6547426,-0.06255578,0.6578307
Left:0.2508273,1.239488,0.5821912|0.07225295,-0.119995,-0.3594851,0.9225786
Right:0.6169277,1.215968,0.8567522|-0.2690405,-0.8239766,-0.4833396,0.1227301
Head:0.6865903,1.383347,0.8790319|0.369884,-0.6560334,-0.06529438,0.6546317
Left:0.2660198,1.241373,0.5819366|0.03864716,-0.1173858,-0.3555307,0.9264582
Right:0.6152106,1.21764,0.8511782|-0.2642218,-0.8288804,-0.4817475,0.1051829
Head:0.6839874,1.384064,0.8751092|0.3737101,-0.6565452,-0.06683274,0.6517841
Left:0.2788783,1.235291,0.5808468|0.03095126,-0.1148693,-0.3518915,0.92845
Right:0.6120448,1.218493,0.8467216|-0.261121,-0.8309444,-0.4814202,0.09788719
Head:0.6821439,1.384948,0.8712585|0.3766127,-0.6590624,-0.06603423,0.6476412
Left:0.2902431,1.225898,0.5816536|0.05384394,-0.1130801,-0.3474001,0.9293153
Right:0.6081816,1.219844,0.8430512|-0.2592851,-0.8303336,-0.4843434,0.09342822
Head:0.6803014,1.385805,0.86712|0.3778234,-0.6646989,-0.06337025,0.6414118
Left:0.3001692,1.216307,0.5791504|0.07836201,-0.102885,-0.3458853,0.9293209
Right:0.6047359,1.221041,0.8392289|-0.2601573,-0.8282232,-0.4875891,0.09285174
Head:0.6787859,1.386669,0.8630965|0.3774789,-0.6719176,-0.06063295,0.6343186
Left:0.314054,1.20549,0.5745745|0.0841107,-0.09167399,-0.3460204,0.9299415
Right:0.6016119,1.221763,0.8353221|-0.2620085,-0.8262376,-0.4898435,0.09346884
Head:0.6778792,1.387461,0.859513|0.3760964,-0.6795952,-0.05813918,0.6271536
Left:0.3263893,1.200455,0.5731728|0.07261132,-0.08669493,-0.3375301,0.9344972
Right:0.5988186,1.222839,0.831903|-0.2646542,-0.8253131,-0.4902682,0.09194396
Head:0.6774287,1.388177,0.8562093|0.3750719,-0.6860645,-0.05675732,0.6208183
Left:0.3363078,1.198282,0.5733101|0.04835587,-0.09370819,-0.3276047,0.938912
Right:0.5969433,1.223484,0.8275549|-0.2661485,-0.8278922,-0.4864494,0.08441818
Head:0.6774287,1.388177,0.8562093|0.3750719,-0.6860645,-0.05675732,0.6208183
Left:0.3363078,1.198282,0.5733101|0.04835587,-0.09370819,-0.3276047,0.938912
Right:0.5969433,1.223484,0.8275549|-0.2661485,-0.8278922,-0.4864494,0.08441818
Head:0.6772958,1.389666,0.8509927|0.3751838,-0.6947085,-0.05504004,0.6112184
Left:0.3614333,1.20174,0.570792|0.01151156,-0.1127674,-0.3277263,0.937948
Right:0.5957134,1.224675,0.8174295|-0.2629593,-0.8391003,-0.4721785,0.06172975
Head:0.6772958,1.389666,0.8509927|0.3751838,-0.6947085,-0.05504004,0.6112184
Left:0.3614333,1.20174,0.570792|0.01151156,-0.1127674,-0.3277263,0.937948
Right:0.5957134,1.224675,0.8174295|-0.2629593,-0.8391003,-0.4721785,0.06172975
Head:0.6777353,1.39032,0.8489575|0.3754289,-0.6977406,-0.05457629,0.6076452
Left:0.3734913,1.202426,0.5709875|0.007151279,-0.1143094,-0.3290826,0.9373296
Right:0.5962032,1.225451,0.8125989|-0.2631108,-0.843666,-0.465223,0.05067631
Head:0.6782181,1.390994,0.8471341|0.3749116,-0.7010882,-0.05428822,0.6041269
Left:0.3872955,1.201926,0.5724423|0.01885107,-0.1078041,-0.3338004,0.9362693
Right:0.59742,1.226447,0.808512|-0.2647781,-0.8447204,-0.4631507,0.04279579
Head:0.6790483,1.391349,0.8457658|0.3730657,-0.704616,-0.05420396,0.6011657
Left:0.4009725,1.200203,0.5745218|0.03087462,-0.09901077,-0.3390099,0.9350486
Right:0.5981831,1.227873,0.805166|-0.2661703,-0.8440916,-0.4639875,0.03712784
Head:0.6799517,1.391632,0.8443923|0.370666,-0.7083697,-0.05383239,0.5982651
Left:0.4133244,1.198721,0.5766883|0.03344081,-0.0948923,-0.3412721,0.9345644
Right:0.59954,1.229643,0.8028464|-0.2660465,-0.8408983,-0.4701121,0.03322567
Head:0.681228,1.391698,0.8430793|0.3681584,-0.7120329,-0.05380733,0.5954607
Left:0.4258111,1.198691,0.5777216|0.02483043,-0.09587456,-0.3417195,0.9345691
Right:0.6005761,1.232071,0.8015158|-0.2636454,-0.8374578,-0.4777802,0.02969058
Head:0.6831054,1.391296,0.8422942|0.3652776,-0.7152424,-0.05393547,0.5933732
Left:0.4382197,1.199512,0.5793362|0.01365715,-0.09754686,-0.3413248,0.9347703
Right:0.6023473,1.233367,0.8006222|-0.2615897,-0.834042,-0.4850556,0.02580582
Head:0.6848429,1.390833,0.8413765|0.3627466,-0.7184585,-0.05352021,0.5910735
Left:0.4499151,1.201438,0.5798881|-0.00254305,-0.1023667,-0.3386864,0.9353107
Right:0.6034281,1.23439,0.7988002|-0.2592356,-0.8323869,-0.4894249,0.01980758
Head:0.6868433,1.390273,0.8406568|0.3603903,-0.7216898,-0.0530365,0.5886168
Left:0.4612373,1.20282,0.5806115|-0.01193233,-0.1068912,-0.3367279,0.9354391
Right:0.60506,1.235388,0.7976749|-0.2567929,-0.8320934,-0.4914364,0.01296879
Head:0.6889859,1.389334,0.8401992|0.3575747,-0.7248165,-0.05263256,0.5865248
Left:0.4721522,1.203408,0.5810306|-0.01118393,-0.1117191,-0.3401586,0.9336412
Right:0.6069562,1.234837,0.7961242|-0.2573978,-0.8325567,-0.4904568,0.006924734
Head:0.6910945,1.388214,0.8398216|0.3539791,-0.728183,-0.05280271,0.5845171
Left:0.483571,1.203234,0.5816059|-0.004638672,-0.1114178,-0.3484467,0.9306715
Right:0.6093348,1.23414,0.7941132|-0.2597167,-0.8326973,-0.4890404,0.001410427
Head:0.6930687,1.386957,0.8397217|0.3497665,-0.7317418,-0.05286427,0.5825999
Left:0.4947448,1.201622,0.5826206|0.003343033,-0.1100613,-0.3553077,0.9282413
Right:0.61195,1.233144,0.7922678|0.2622846,0.8313333,0.4899721,0.004364761
Head:0.6949323,1.385412,0.8397405|0.3453914,-0.7353212,-0.05300713,0.5806873
Left:0.5057209,1.200195,0.5844202|0.008420197,-0.1101728,-0.3624066,0.9254472
Right:0.6146152,1.23219,0.7909594|0.2645363,0.8285347,0.4934291,0.00886881
Head:0.6965837,1.383509,0.839956|0.3412458,-0.7382923,-0.05325512,0.5793442
Left:0.5160189,1.19828,0.5864043|0.01215198,-0.1103806,-0.3683426,0.9230342
Right:0.6167036,1.230896,0.7899184|0.2651364,0.8254065,0.4982656,0.01176159
Head:0.6985338,1.381328,0.8401802|0.3385898,-0.7405768,-0.05378745,0.5779359
Left:0.5266105,1.196299,0.5882711|0.01083473,-0.110259,-0.3709038,0.922039
Right:0.6189398,1.229947,0.7888989|0.2646919,0.8227873,0.5027396,0.01456913
Head:0.700524,1.378737,0.8406887|0.3379848,-0.7416437,-0.05450115,0.5768539
Left:0.5372419,1.194612,0.5905223|0.006749285,-0.1089012,-0.3683515,0.9232618
Right:0.6211259,1.228358,0.7880337|0.2629079,0.8203186,0.5076364,0.01619147
Head:0.7023815,1.376256,0.8412254|0.3385243,-0.7417253,-0.05527231,0.5763592
Left:0.5480463,1.192845,0.5925386|0.003450511,-0.1076068,-0.3647659,0.9248539
Right:0.6234624,1.226415,0.7870805|0.2616235,0.8185427,0.5110618,0.01889233
Head:0.704168,1.373762,0.8418679|0.3401784,-0.7408696,-0.0561173,0.5764042
Left:0.5579831,1.190897,0.594707|-0.0001726335,-0.1049409,-0.3583784,0.9276596
Right:0.6254908,1.223678,0.7858984|0.2606163,0.8198086,0.5094737,0.02072681
Head:0.7055484,1.371413,0.8429654|0.343244,-0.7388579,-0.05659773,0.5771217
Left:0.5674824,1.188994,0.5975652|-0.0005320922,-0.1017446,-0.3541753,0.9296277
Right:0.6273844,1.220857,0.7848437|0.2613857,0.8206223,0.5077016,0.02226638
Head:0.7063549,1.369564,0.844012|0.3456586,-0.7368858,-0.05623309,0.5782364
Left:0.5755275,1.187081,0.5998933|0.0008631675,-0.09936959,-0.350302,0.9313504
Right:0.6290905,1.217707,0.7832038|0.2641661,0.8230129,0.5023806,0.02190354
Head:0.7070678,1.368019,0.8451192|0.3470656,-0.7350185,-0.0558388,0.5798062
Left:0.5823141,1.185409,0.6020703|0.002589502,-0.09626976,-0.3471546,0.93285
Right:0.6313319,1.214231,0.7816606|0.2669446,0.8245665,0.4983925,0.02087403
Head:0.7072989,1.366904,0.8463461|0.3478577,-0.7329127,-0.05577531,0.5819994
Left:0.5887244,1.184081,0.6047235|0.003867915,-0.09235618,-0.3435117,0.9345882
Right:0.6333744,1.211268,0.7805817|0.2688597,0.8249231,0.4968127,0.01983502
Head:0.7068098,1.366344,0.8476477|0.3479358,-0.7304507,-0.05616137,0.5850028
Left:0.5925213,1.183591,0.6070232|0.006468575,-0.08688337,-0.3398633,0.9364307
Right:0.6355482,1.208557,0.7801752|0.2695885,0.8243913,0.4974237,0.01645393
Head:0.7061833,1.366135,0.8490393|0.3476315,-0.7280104,-0.05679248,0.5881563
Left:0.5959699,1.183298,0.6091688|0.009623447,-0.0812518,-0.3367518,0.9380319
Right:0.6377319,1.206436,0.780813|0.26518,0.8223581,0.503266,0.0114046
Head:0.7054198,1.366163,0.8502004|0.3469434,-0.725701,-0.05730587,0.591358
Left:0.5956497,1.184394,0.6115592|0.01507902,-0.07398639,-0.3330837,0.9398691
Right:0.6401184,1.204392,0.7811875|0.2614892,0.8204366,0.5083768,0.007760831
Head:0.7040547,1.366378,0.8513253|0.3461782,-0.723183,-0.05768684,0.5948439
Left:0.5922338,1.18704,0.6129544|0.01915493,-0.06706062,-0.3275761,0.9422473
Right:0.6421302,1.202502,0.7822318|0.2549635,0.8175294,0.5163645,0.002635136
Head:0.7023993,1.366806,0.8523512|0.3457546,-0.7202723,-0.05840717,0.5985401
Left:0.5825843,1.192579,0.6136658|0.02280494,-0.06052706,-0.3207162,0.9449643
Right:0.6434196,1.201125,0.7838612|-0.2484194,-0.8146791,-0.5240048,0.002175113
Head:0.7008403,1.367021,0.8528035|0.3445031,-0.7173186,-0.0591895,0.6027174
Left:0.5740679,1.19686,0.6147971|0.02749944,-0.05500063,-0.3186926,0.9458614
Right:0.6448008,1.198837,0.7848794|-0.2424944,-0.8132844,-0.5288941,0.006005686
Head:0.698816,1.367111,0.8526924|0.3431328,-0.7144048,-0.05966835,0.6068982
Left:0.5583779,1.203603,0.6143911|0.02935226,-0.04883362,-0.3213067,0.9452596
Right:0.6459125,1.196582,0.7853663|-0.2371123,-0.8127467,-0.5320957,0.009729701
Head:0.696945,1.367101,0.85203|0.3419217,-0.7120633,-0.05992068,0.6102992
Left:0.5371132,1.211341,0.6132259|0.02835397,-0.04373934,-0.3309723,0.9421997
Right:0.6463434,1.194266,0.7853296|-0.2339874,-0.8134899,-0.5322479,0.01401631
Head:0.6949905,1.366897,0.850198|0.3409257,-0.7106869,-0.05960863,0.6124873
Left:0.5151579,1.219082,0.612046|0.02764509,-0.04000369,-0.3412811,0.9387026
Right:0.6462481,1.191787,0.7850726|-0.2331288,-0.8143839,-0.5311023,0.0189783
Head:0.693022,1.366541,0.8478596|0.3405906,-0.7095597,-0.05977197,0.613963
Left:0.4816039,1.228138,0.6082056|0.02212539,-0.04178587,-0.358391,0.9323735
Right:0.6461256,1.189534,0.7844973|-0.2344028,-0.8154349,-0.528687,0.02472414
Head:0.6911443,1.365869,0.8442447|0.3411519,-0.7088318,-0.06056367,0.6144143
Left:0.4406184,1.237406,0.6018624|0.01227034,-0.05120177,-0.3725692,0.9265096
Right:0.646439,1.186775,0.7835457|-0.2367437,-0.816242,-0.5260803,0.03067683
Head:0.6891626,1.365224,0.8399303|0.3430333,-0.7079923,-0.06200932,0.6141905
Left:0.3941869,1.247253,0.5917454|-0.001669286,-0.06592848,-0.3783437,0.9233129
Right:0.646504,1.184632,0.7835329|-0.2376439,-0.8165038,-0.5248541,0.03708367
Head:0.6874147,1.364446,0.8344984|0.345971,-0.7071508,-0.06361491,0.6133474
Left:0.3412094,1.254888,0.5777819|-0.002826132,-0.09125391,-0.3784286,0.921117
Right:0.6471316,1.182839,0.7835677|-0.2389085,-0.8168599,-0.5232525,0.04323814
Head:0.6851909,1.363773,0.828156|0.3492939,-0.7054753,-0.064353,0.6133164
Left:0.2897683,1.260534,0.5629528|0.008664413,-0.1185248,-0.3758371,0.9190339
Right:0.6481251,1.180996,0.7838914|-0.2391243,-0.8172163,-0.5222009,0.04778441
Head:0.6829033,1.363061,0.8208306|0.3523933,-0.7036366,-0.06383631,0.6137096
Left:0.2318735,1.25971,0.5389848|0.04336607,-0.1536428,-0.3636263,0.9177631
Right:0.649125,1.179223,0.7839515|-0.2365286,-0.8188018,-0.5205951,0.05097719
Head:0.6803764,1.362595,0.8123069|0.353259,-0.7032466,-0.0606547,0.6139815
Left:0.1787269,1.255644,0.5146186|0.07859357,-0.1742678,-0.3470334,0.918162
Right:0.6502028,1.177198,0.7839763|-0.2330319,-0.8218139,-0.5171547,0.05356397
Head:0.6769374,1.362591,0.8029189|0.3535126,-0.7030873,-0.05674799,0.6143913
Left:0.155389,1.245815,0.4906886|0.1066601,-0.1712509,-0.3881332,0.8992493
Right:0.650874,1.174979,0.7836266|-0.2319832,-0.8250183,-0.5120659,0.05759494
Head:0.6720039,1.363413,0.7931035|0.3545665,-0.7032928,-0.05242284,0.613933
Left:0.1292005,1.241258,0.4722612|0.1329763,-0.1732524,-0.427207,0.8773797
Right:0.6502231,1.172173,0.7814913|-0.2346873,-0.8320456,-0.4985289,0.06396043
Head:0.6654472,1.364641,0.7839739|0.3541657,-0.7064752,-0.0476147,0.6108946
Left:0.1113989,1.233629,0.4580429|0.1648955,-0.1692507,-0.4736341,0.8484306
Right:0.6492277,1.169186,0.7793984|-0.2366135,-0.8385451,-0.4856886,0.07044705
Head:0.6561694,1.366382,0.7752898|0.3468268,-0.7152249,-0.04300325,0.60524
Left:0.1642873,1.187196,0.4963129|0.2986457,-0.06625461,-0.3024045,0.9027584
Right:0.6470093,1.165853,0.7761505|-0.2387349,-0.8476083,-0.4675366,0.07730026
Head:0.6468467,1.367737,0.7666197|0.3351175,-0.7241414,-0.04280667,0.6012347
Left:0.1980598,1.200196,0.5239012|0.2667627,-0.02853314,-0.2680844,0.9252861
Right:0.6446915,1.162466,0.7721117|-0.2421607,-0.8571349,-0.447223,0.08166718
Head:0.6383538,1.368253,0.7570784|0.3282949,-0.7293677,-0.0468226,0.5983752
Left:0.2324123,1.2062,0.543236|0.2039502,0.008398934,-0.2268481,0.9522992
Right:0.6434066,1.159192,0.7686868|-0.2450032,-0.865365,-0.4291031,0.08359098
Head:0.6306394,1.368444,0.7459781|0.3299381,-0.7307572,-0.05127251,0.5954039
Left:0.2955881,1.2461,0.5520766|-0.212128,-0.02647406,-0.2595251,0.941779
Right:0.6419844,1.15609,0.7637107|-0.2476908,-0.8728402,-0.4121882,0.08306713
Head:0.6242393,1.368506,0.7335589|0.3385931,-0.7310886,-0.05113799,0.5901265
Left:0.3347294,1.246078,0.5522182|-0.286789,-0.04048853,-0.1752563,0.9409559
Right:0.6400948,1.154559,0.7601237|-0.243259,-0.8772463,-0.4055786,0.08228111
Head:0.618381,1.368982,0.7208412|0.3478409,-0.7325081,-0.04551439,0.5834099
Left:0.3716801,1.260079,0.5345514|-0.3117915,-0.0224964,-0.1122826,0.9432245
Right:0.6384137,1.154258,0.7575471|-0.2357217,-0.8769839,-0.4102336,0.08392154
Head:0.6131208,1.369924,0.7069178|0.3585636,-0.7338175,-0.03498204,0.5759516
Left:0.4020404,1.247892,0.5204043|-0.2622757,-0.007513029,-0.1276658,0.9564813
Right:0.6364901,1.153847,0.755235|-0.2298115,-0.8752835,-0.4167178,0.08609194
Head:0.6078261,1.371211,0.6931379|0.3654757,-0.7346507,-0.02471494,0.571056
Left:0.4247193,1.233808,0.5002673|-0.2402952,-0.001760523,-0.1543846,0.9583426
Right:0.6343756,1.155418,0.7540946|-0.2168937,-0.8676016,-0.4390741,0.08624671
Head:0.6021346,1.372988,0.6795816|0.3678805,-0.7354481,-0.01676924,0.5687696
Left:0.4491893,1.208302,0.4828246|-0.2643955,-0.0050861,-0.1610236,0.9508631
Right:0.6314105,1.155219,0.7518246|-0.2039799,-0.8650473,-0.4501381,0.08637801
Head:0.5954198,1.375275,0.6658762|0.3649254,-0.7351573,-0.01278188,0.5711479
Left:0.48005,1.194205,0.4516077|-0.3195736,-0.02168527,-0.1583723,0.9339811
Right:0.6266781,1.154338,0.7480829|-0.1875871,-0.8657377,-0.4561389,0.08512696
Head:0.581337,1.379567,0.6374176|0.3533401,-0.7332273,-0.01829772,0.5806838
Left:0.5182437,1.181468,0.398334|-0.4638236,-0.09838852,-0.1042036,0.8742591
Right:0.6098096,1.152495,0.7338378|-0.1493119,-0.8811126,-0.4430318,0.07120018
Head:0.5749925,1.381208,0.6225579|0.3473608,-0.7332698,-0.02533422,0.5839642
Left:0.5407156,1.178427,0.3763905|-0.5275986,-0.118751,-0.08417118,0.8369308
Right:0.5977106,1.15274,0.722506|-0.1298123,-0.8899537,-0.4327487,0.06212611
Head:0.5697882,1.381784,0.6067941|0.3406438,-0.736281,-0.03270573,0.5837657
Left:0.5619813,1.174338,0.3504906|-0.5754053,-0.1286876,-0.06315508,0.8052078
Right:0.5804489,1.155286,0.7043314|-0.1138352,-0.901662,-0.4146687,0.04579394
Head:0.5655178,1.381371,0.5911248|0.3352902,-0.7403089,-0.038294,0.5814265
Left:0.587202,1.172223,0.3346422|-0.6020318,-0.1343734,-0.0600509,0.78479
Right:0.5610964,1.16029,0.6820276|-0.1064,-0.9122369,-0.3951833,0.01825472
Head:0.5626484,1.379567,0.5757749|0.3334312,-0.744158,-0.04169403,0.5773337
Left:0.6070176,1.169283,0.3212502|-0.6053684,-0.1457808,-0.07660955,0.778722
Right:0.5432563,1.165576,0.657294|0.1062323,0.920312,0.3761669,0.01545721
Head:0.560817,1.376674,0.5608454|0.3338339,-0.7476766,-0.0436546,0.5723889
Left:0.6246952,1.163233,0.3117135|-0.6030051,-0.1608115,-0.09833177,0.7751487
Right:0.5219294,1.176309,0.6241372|0.1314875,0.9224012,0.3560431,0.07155674
Head:0.5604615,1.372542,0.5466077|0.3356499,-0.7509586,-0.04310396,0.5670471
Left:0.6428825,1.159128,0.3102827|-0.5786826,-0.1777374,-0.1430423,0.7829909
Right:0.5016316,1.187965,0.5876992|0.1700416,0.9134908,0.3425737,0.1387938
Head:0.561246,1.367677,0.5334785|0.3394605,-0.7539197,-0.03731041,0.5612305
Left:0.6560471,1.156556,0.3032448|-0.5832238,-0.1913543,-0.1633858,0.7723591
Right:0.4798509,1.197751,0.5470107|0.219576,0.8920918,0.3410096,0.1991764
Head:0.5626457,1.362559,0.5216794|0.3424369,-0.7589011,-0.02656986,0.5532632
Left:0.6693693,1.152651,0.2950299|-0.5971252,-0.2046327,-0.1799356,0.7544469
Right:0.4548466,1.209397,0.5076661|0.2585412,0.8587572,0.3630348,0.2527811
Head:0.5649983,1.357206,0.5109327|0.3422424,-0.7677659,-0.0118468,0.5415397
Left:0.6851312,1.150918,0.2848711|-0.6264005,-0.2164639,-0.1962807,0.7226615
Right:0.4249309,1.218446,0.4706609|0.270384,0.8322128,0.3851989,0.2931488
Head:0.5675091,1.352181,0.5028131|0.3403274,-0.7808892,0.008041831,0.5237601
Left:0.69584,1.149719,0.2752873|-0.6562291,-0.22515,-0.2001303,0.6918228
Right:0.3795866,1.229643,0.4306481|0.25094,0.819569,0.4113861,0.3099955
Head:0.5692473,1.347717,0.4971745|0.3375025,-0.7954566,0.02778957,0.5025622
Left:0.7067791,1.146333,0.2637662|-0.6791428,-0.2315861,-0.2030783,0.6662523
Right:0.3255383,1.231988,0.3846636|0.2359313,0.8315058,0.3946482,0.311749
Head:0.5698056,1.344171,0.492887|0.3362426,-0.8081871,0.0445982,0.4814412
Left:0.7165119,1.141745,0.2571028|-0.6924489,-0.2341449,-0.2034457,0.6513836
Right:0.2674515,1.229575,0.3423851|0.2316125,0.8525504,0.3499147,0.3115655
Head:0.5662513,1.342383,0.4902952|0.3387126,-0.8146314,0.05333649,0.4677657
Left:0.7193666,1.138127,0.254039|-0.6896858,-0.2446835,-0.2007232,0.6512862
Right:0.1959174,1.209906,0.3067245|0.2634529,0.8994277,0.2452008,0.24799
Head:0.5619451,1.340044,0.4873888|0.3394629,-0.8131536,0.04219433,0.4709203
Left:0.7173942,1.133168,0.25223|-0.6728743,-0.2658387,-0.2031587,0.65977
Right:0.1468375,1.19937,0.2939365|0.3718128,0.8968906,0.1878198,0.1485469
Head:0.5577734,1.338022,0.4843013|0.3436585,-0.8086861,0.03232386,0.47632
Left:0.7170342,1.130965,0.254221|-0.646706,-0.2865883,-0.2173805,0.6725951
Right:0.1219857,1.18984,0.2842834|0.4220271,0.883437,0.1480476,0.139693
Head:0.5509775,1.337271,0.4817398|0.3503239,-0.7962102,0.02159713,0.4928043
Left:0.7166365,1.130764,0.2561438|-0.6282704,-0.2988043,-0.2283951,0.6810492
Right:0.1027139,1.185001,0.2686867|0.422117,0.8852362,0.133818,0.1423619
Head:0.5459799,1.335834,0.4779766|0.3517873,-0.7887117,0.01932609,0.5037918
Left:0.7136354,1.128281,0.2583641|-0.608157,-0.3031797,-0.2296293,0.6967764
Right:0.1399295,1.207565,0.2818832|0.2930087,0.9045474,0.2614267,0.1661202
Head:0.5406471,1.335165,0.4743848|0.3500319,-0.7837979,0.02313498,0.5124484
Left:0.7145702,1.128365,0.2586215|-0.6015373,-0.2970327,-0.2227183,0.7073337
Right:0.1648285,1.216323,0.2911944|0.2393092,0.9032736,0.3155523,0.1650898
Head:0.5374027,1.334267,0.4704728|0.3464728,-0.7806326,0.02854997,0.5193788
Left:0.7126076,1.130458,0.2576529|-0.6074541,-0.2834114,-0.2110342,0.7114366
Right:0.1802715,1.224693,0.3001722|0.2362471,0.888486,0.3518282,0.1760593
Head:0.5346245,1.333846,0.4667327|0.341728,-0.7804659,0.03788223,0.5221685
Left:0.7098668,1.129772,0.2544019|-0.6116194,-0.2784131,-0.2029816,0.7121843
Right:0.2050923,1.222209,0.3111324|0.245741,0.8695672,0.372865,0.2107987
Head:0.5324968,1.334091,0.463902|0.3373025,-0.7828664,0.05046054,0.5203855
Left:0.7064744,1.130988,0.248448|-0.6251407,-0.2762054,-0.1948214,0.70353
Right:0.2348412,1.205777,0.32591|0.2405385,0.8722243,0.3537366,0.2371423
Head:0.5314947,1.334491,0.4617162|0.3350314,-0.7850429,0.06043177,0.5175033
Left:0.6980512,1.133398,0.2405448|-0.6329832,-0.2826491,-0.1942537,0.6940513
Right:0.2448375,1.186529,0.3313372|0.2350046,0.8890346,0.3143542,0.2357367
Head:0.5308217,1.335717,0.4605851|0.3353515,-0.786156,0.0665952,0.5148429
Left:0.6885406,1.134934,0.2363963|-0.6282036,-0.2923598,-0.1995188,0.6928768
Right:0.2518396,1.167746,0.3434546|0.2447182,0.8935801,0.2950717,0.2335814
Head:0.5294715,1.337077,0.4599047|0.33756,-0.7848939,0.06831642,0.5150997
Left:0.6810239,1.137344,0.2337346|-0.6184378,-0.2965449,-0.2055756,0.6980935
Right:0.2614754,1.154593,0.354265|0.2458891,0.8943145,0.2967165,0.2273751
Head:0.5273609,1.33932,0.4603713|0.3418453,-0.7814218,0.06446988,0.5180399
Left:0.6698906,1.14313,0.2362313|-0.5958207,-0.2868062,-0.2163342,0.7182893
Right:0.2727597,1.141849,0.3613635|0.2313373,0.8953421,0.3088913,0.2223327
Head:0.5246817,1.341831,0.461076|0.3427184,-0.7780866,0.05718535,0.5233118
Left:0.6605766,1.14703,0.2357565|-0.5856189,-0.2740977,-0.2183405,0.730923
Right:0.2806557,1.136667,0.3751004|0.1959702,0.8933629,0.3443445,0.211956
Head:0.5217557,1.344512,0.4625974|0.339835,-0.7762836,0.04958227,0.5286188
Left:0.6537867,1.153759,0.2371479|-0.5834588,-0.2479438,-0.2135094,0.7433125
Right:0.2865484,1.135842,0.3889456|0.1617156,0.890094,0.3829893,0.1868157
Head:0.519689,1.346844,0.4641037|0.3364559,-0.775277,0.04513029,0.5326408
Left:0.6443126,1.162249,0.2378759|-0.5908199,-0.2242325,-0.2051947,0.7473599
Right:0.2916486,1.134777,0.4030991|0.1420885,0.8877386,0.4022669,0.172952
Head:0.5182251,1.349116,0.4660509|0.3330552,-0.7748514,0.04270691,0.535589
Left:0.6345134,1.169563,0.2364228|-0.6004868,-0.2081591,-0.2008558,0.7454813
Right:0.2996679,1.132013,0.4149988|0.1326155,0.8852347,0.4161086,0.1600824
Head:0.5173976,1.35108,0.4684112|0.3297138,-0.774851,0.04176633,0.5377271
Left:0.6265956,1.176778,0.2354265|-0.6078387,-0.1926174,-0.2000658,0.7439116
Right:0.3113302,1.131437,0.4245577|0.1413551,0.8848103,0.4169481,0.1525905
Head:0.5166702,1.352961,0.4707472|0.3266374,-0.7747594,0.04180137,0.5397301
Left:0.6160762,1.18418,0.2341576|-0.6073428,-0.1800269,-0.2021323,0.7469054
Right:0.3233093,1.133043,0.434088|0.144579,0.8836913,0.4182424,0.1525123
Head:0.5164518,1.354695,0.4735839|0.322797,-0.7755638,0.04352804,0.5407478
Left:0.6057453,1.190235,0.2347312|-0.6024578,-0.1692536,-0.204845,0.7526197
Right:0.3345163,1.133719,0.4431012|0.1465608,0.881819,0.4221189,0.150768
Head:0.5166802,1.356154,0.4767134|0.3186311,-0.7766094,0.04474947,0.5416176
Left:0.5955203,1.196429,0.2370322|-0.5902745,-0.1598809,-0.2125905,0.7621151
Right:0.3462685,1.138375,0.4526317|0.1463415,0.8756498,0.4370002,0.144404
Head:0.517086,1.357608,0.4801695|0.3152007,-0.7769735,0.04565781,0.543025
Left:0.5852897,1.20319,0.2398682|-0.5805615,-0.1472087,-0.2193983,0.7701573
Right:0.3568313,1.141808,0.4617364|0.1398244,0.8694554,0.4530391,0.1387516
Head:0.5177354,1.358947,0.4839704|0.3123049,-0.7771634,0.04594338,0.5444004
Left:0.5754185,1.209928,0.2448972|-0.571505,-0.1300976,-0.2227558,0.7789971
Right:0.3657909,1.14807,0.4718058|0.1300907,0.861615,0.4727158,0.1312851
Head:0.5188478,1.36027,0.4883249|0.3100351,-0.7768751,0.0455915,0.5461362
Left:0.5667561,1.21733,0.2488759|-0.5668766,-0.1137934,-0.2229299,0.7848594
Right:0.3740008,1.155204,0.480418|0.1249649,0.8541782,0.4896879,0.1223484
Head:0.5202104,1.361722,0.4930017|0.3087016,-0.7757524,0.04525888,0.5485099
Left:0.5582237,1.226568,0.2548513|-0.5652519,-0.09674748,-0.2245279,0.7878562
Right:0.3812822,1.163569,0.4899242|0.1254404,0.846687,0.5036989,0.1169327
Head:0.5217939,1.363105,0.4979844|0.3080855,-0.7741923,0.04476561,0.5510951
Left:0.5508251,1.235478,0.2613053|-0.5659267,-0.07877358,-0.2272304,0.7885989
Right:0.3891684,1.17086,0.4976807|0.1342103,0.8416634,0.5104491,0.1141582
Head:0.5241081,1.364513,0.5030105|0.3075731,-0.7724182,0.04465472,0.5538726
Left:0.5455337,1.245299,0.2683482|-0.5675068,-0.06028197,-0.2305905,0.7881181
Right:0.3974807,1.178364,0.5041747|0.1492792,0.8388786,0.5113279,0.1119925
Head:0.5267031,1.366124,0.5082939|0.3078699,-0.7699001,0.04557124,0.5571294
Left:0.5395752,1.255041,0.2749836|-0.5669697,-0.04212487,-0.2344327,0.7885507
Right:0.4054245,1.185818,0.5110996|0.160589,0.8349848,0.5148033,0.1094947
Head:0.5293974,1.367692,0.5137148|0.3080232,-0.7674251,0.04682777,0.5603459
Left:0.5361235,1.265642,0.2839544|-0.5667578,-0.02761252,-0.242399,0.7869345
Right:0.4126959,1.194081,0.5174973|0.1700152,0.8306659,0.5186582,0.1099207
Head:0.5325713,1.369641,0.5193336|0.3078149,-0.7647275,0.04847221,0.5639967
Left:0.5331504,1.275625,0.292459|-0.565192,-0.01475777,-0.2497617,0.7861038
Right:0.4193725,1.203571,0.524163|0.1744154,0.8242297,0.5279521,0.1071978
Head:0.535798,1.371749,0.5248058|0.3069686,-0.7619808,0.04997576,0.56803
Left:0.5297743,1.28561,0.3010426|-0.562773,-0.000878143,-0.2563483,0.7858571
Right:0.4260187,1.21298,0.5311391|0.1770772,0.8168211,0.5392615,0.1031696
Head:0.5390056,1.373929,0.5305672|0.3056761,-0.759622,0.05095336,0.571787
Left:0.5282283,1.294642,0.3099245|-0.5599651,0.01296146,-0.2611756,0.7861669
Right:0.4318097,1.223099,0.5379472|0.1729342,0.8064374,0.5565813,0.09984811
Head:0.5424525,1.376726,0.5361652|0.3033264,-0.7577349,0.05200081,0.5754363
Left:0.5276881,1.303347,0.3185863|-0.5578616,0.02774838,-0.2632037,0.786603
Right:0.4381939,1.232055,0.5442891|0.1736252,0.7988344,0.5675651,0.09791736
Head:0.5459547,1.379547,0.541671|0.3012335,-0.7563302,0.05278875,0.5783049
Left:0.5272335,1.311754,0.3268242|-0.5560333,0.04322931,-0.2655163,0.7864219
Right:0.4450067,1.24071,0.5500493|0.1771516,0.7932663,0.5736813,0.1011714
Head:0.5496743,1.382546,0.5471885|0.2990192,-0.7553186,0.05369519,0.5806876
Left:0.5281973,1.319413,0.3344985|-0.5565928,0.05573239,-0.2668045,0.7848017
Right:0.4529935,1.247401,0.5532861|0.1866093,0.7931347,0.56969,0.1075524
Head:0.5536163,1.385512,0.5527809|0.2969011,-0.754602,0.05418533,0.5826573
Left:0.5292318,1.326516,0.3416274|-0.5592513,0.06337298,-0.2689781,0.7815834
Right:0.460589,1.254076,0.5575001|0.194413,0.7911837,0.5691268,0.1110259
Head:0.5575661,1.388562,0.5585229|0.2951632,-0.7539403,0.05452151,0.584363
Left:0.5306413,1.332557,0.3486344|-0.5629251,0.06793007,-0.2741116,0.7767649
Right:0.4678388,1.260259,0.561599|0.2020734,0.7896962,0.5679092,0.1141293
Head:0.5615998,1.391685,0.5640838|0.293189,-0.7530628,0.05463209,0.5864743
Left:0.5326664,1.338143,0.3544526|-0.5673766,0.06967323,-0.2795884,0.7714012
Right:0.4744941,1.265025,0.5654337|0.2088937,0.7885166,0.5666471,0.1162592
Head:0.5656981,1.394539,0.5698721|0.29111,-0.7523775,0.05388191,0.5884556
Left:0.5337481,1.343114,0.360661|-0.5702928,0.07206009,-0.2830865,0.767747
Right:0.4808115,1.270214,0.5701106|0.2136586,0.785825,0.5683604,0.1174543
Head:0.5697272,1.397351,0.5756691|0.2893082,-0.7516321,0.053032,0.5903708
Left:0.5366548,1.346122,0.3667481|-0.5717802,0.07159263,-0.2860278,0.7655913
Right:0.4861144,1.27438,0.5751998|0.2165351,0.7817542,0.5731141,0.1162465
Head:0.5738484,1.400084,0.5814574|0.2873234,-0.7512552,0.05200969,0.5919086
Left:0.5397313,1.349384,0.3726399|-0.5722913,0.07291535,-0.2887599,0.7640574
Right:0.4907447,1.278066,0.5808856|0.2167432,0.7774826,0.57943,0.1131552
Head:0.5780762,1.402614,0.5873151|0.2855104,-0.7514625,0.05084078,0.5926239
Left:0.5446606,1.34937,0.3778627|-0.5716497,0.07586407,-0.2874594,0.7647407
Right:0.4950999,1.280751,0.5868146|0.2154407,0.7734361,0.5859498,0.1097483
Head:0.5821334,1.404975,0.5929792|0.2837547,-0.7519377,0.0498975,0.5929444
Left:0.5489893,1.350215,0.3837068|-0.5728804,0.07873067,-0.2862773,0.7639731
Right:0.4988055,1.282689,0.5927956|0.2142332,0.7709846,0.5901902,0.1065946
