Head:0.007702414,1.582524,-0.4070222|0.1207778,0.07240373,-0.04690628,0.9889238
Left:-0.09654975,1.488208,-0.1979038|-0.5490969,0.5744538,0.3182761,0.5169097
Right:0.149585,1.46631,-0.2867635|-0.5926109,-0.3817033,-0.07511534,0.7053174
Head:0.007601704,1.582488,-0.4069978|0.120757,0.07246251,-0.04690747,0.9889219
Left:-0.09794343,1.487902,-0.1990329|-0.549218,0.576564,0.3185896,0.5142317
Right:0.1496123,1.466292,-0.2869618|-0.5926412,-0.3818391,-0.0750317,0.7052274
Head:0.007521704,1.582419,-0.4069927|0.1209,0.07233132,-0.04676102,0.988921
Left:-0.09840763,1.487515,-0.1994691|-0.5417361,0.5858319,0.3233589,0.5086868
Right:0.1495502,1.466243,-0.2870237|-0.5924865,-0.3819252,-0.07497033,0.7053172
Head:0.007430792,1.582336,-0.407037|0.1209565,0.07216562,-0.04658718,0.9889345
Left:-0.09941781,1.486977,-0.1999749|-0.5353189,0.5937334,0.3297318,0.5021867
Right:0.1495612,1.466179,-0.2869835|-0.5921688,-0.3819387,-0.07478164,0.7055966
Head:0.007484194,1.582374,-0.4068993|0.1210625,0.07199424,-0.0465896,0.9889339
Left:-0.09921813,1.486709,-0.2007828|-0.5314244,0.5977429,0.3335944,0.4990053
Right:0.149519,1.466178,-0.2869968|-0.5921413,-0.3818398,-0.07446249,0.705707
Head:0.007442184,1.582325,-0.4068417|0.1209423,0.07201838,-0.04656584,0.9889479
Left:-0.09797347,1.486899,-0.2007196|-0.5275218,0.5980926,0.3334273,0.5028242
Right:0.1495508,1.466265,-0.2868984|-0.5922103,-0.3817014,-0.07436571,0.7057343
Head:0.007381216,1.582332,-0.406894|0.120703,0.07212612,-0.04661574,0.9889669
Left:-0.09747481,1.486976,-0.2008795|-0.5246193,0.5991543,0.3344133,0.5039409
Right:0.1494746,1.46633,-0.2868937|-0.5922,-0.3815544,-0.07421097,0.7058386
Head:0.007419031,1.582301,-0.4068108|0.1204451,0.07240502,-0.04670718,0.9889737
Left:-0.09685111,1.486964,-0.2011877|-0.5249812,0.5989973,0.3322659,0.5051696
Right:0.1494499,1.466358,-0.2869112|-0.5922682,-0.381413,-0.07439006,0.705839
Head:0.007449634,1.582245,-0.4067489|0.1203356,0.07277406,-0.04685473,0.988953
Left:-0.09597349,1.487067,-0.2014099|-0.5240031,0.6001247,0.3305744,0.5059562
Right:0.1493256,1.466361,-0.2869312|-0.5921787,-0.3815596,-0.07460988,0.7058116
Head:0.007248353,1.582322,-0.4068099|0.1202591,0.0732417,-0.04686608,0.9889272
Left:-0.0952698,1.487266,-0.2020371|-0.5250531,0.6004437,0.3275675,0.5064448
Right:0.1490672,1.466581,-0.2871259|-0.5920241,-0.3819052,-0.07452945,0.7057629
Head:0.007363576,1.582341,-0.4066401|0.1203009,0.07355961,-0.04727275,0.9888791
Left:-0.09475577,1.487413,-0.2023575|-0.5284742,0.5982542,0.3258516,0.5065844
Right:0.1489117,1.466614,-0.2871286|-0.5919751,-0.3819912,-0.07415194,0.7057973
Head:0.007386252,1.582275,-0.406561|0.1202464,0.07391077,-0.04742983,0.9888521
Left:-0.09443557,1.487788,-0.2023679|-0.5318764,0.5948832,0.3259508,0.5069295
Right:0.1487445,1.466653,-0.2871606|-0.5920038,-0.3820144,-0.07366312,0.7058118
Head:0.007384595,1.58217,-0.4063226|0.1203454,0.07438979,-0.04746912,0.9888022
Left:-0.09439218,1.488181,-0.2024457|-0.5341599,0.5926572,0.3269865,0.5064687
Right:0.1486301,1.466585,-0.287056|-0.5919736,-0.3821291,-0.07337898,0.7058046
Head:0.007468123,1.582117,-0.4061651|0.1204437,0.07453441,-0.04753508,0.9887762
Left:-0.09418046,1.488474,-0.2024454|-0.5353536,0.5920596,0.3284555,0.5049544
Right:0.1484165,1.466646,-0.286898|-0.5921088,-0.3821054,-0.0734466,0.705697
Head:0.007429425,1.582027,-0.4059691|0.1206094,0.07462896,-0.04742061,0.9887544
Left:-0.09380293,1.488749,-0.202592|-0.5362142,0.5916216,0.3294237,0.5039228
Right:0.148226,1.466699,-0.2868866|-0.5922676,-0.382084,-0.07365426,0.7055537
Head:0.007381726,1.581937,-0.4058876|0.1207079,0.07485482,-0.04768755,0.9887124
Left:-0.09346867,1.489172,-0.2026253|-0.5366592,0.5908228,0.330402,0.5037459
Right:0.147956,1.466789,-0.2867386|-0.5924132,-0.3820797,-0.07442499,0.7053529
Head:0.007374708,1.581822,-0.4057427|0.1206479,0.07509889,-0.04795505,0.9886883
Left:-0.09258187,1.489575,-0.2025861|-0.5360988,0.5898129,0.3317461,0.504642
Right:0.1478088,1.466824,-0.2867595|-0.592713,-0.3820206,-0.07493273,0.7050792
Head:0.007445708,1.581721,-0.4056759|0.1205806,0.07552471,-0.04836701,0.988644
Left:-0.09187603,1.489848,-0.2026407|-0.5361316,0.5886452,0.3324407,0.5055125
Right:0.1477695,1.466845,-0.2868584|-0.5930398,-0.3818736,-0.07517879,0.7048578
Head:0.007315598,1.581681,-0.4056552|0.1203867,0.07570682,-0.04844381,0.98865
Left:-0.09084713,1.490394,-0.2030567|-0.5378007,0.5872846,0.331498,0.5059412
Right:0.147408,1.466933,-0.2868956|-0.5928795,-0.3820055,-0.07528394,0.7049099
Head:0.007288702,1.581553,-0.4054882|0.1203851,0.07579162,-0.04861633,0.9886352
Left:-0.08999693,1.490684,-0.2037951|-0.5400631,0.5883975,0.3297533,0.5033717
Right:0.1471438,1.466884,-0.2868257|-0.5928548,-0.3823118,-0.07533269,0.7047595
Head:0.007324345,1.581405,-0.4053479|0.1204113,0.07585867,-0.04887823,0.988614
Left:-0.08928514,1.490848,-0.2047085|-0.5415565,0.5895112,0.3285591,0.5012406
Right:0.1468192,1.466724,-0.286958|-0.5929435,-0.3826375,-0.07526939,0.7045147
Head:0.00722602,1.581319,-0.4051796|0.1205643,0.07582197,-0.04906689,0.9885888
Left:-0.08812475,1.491281,-0.2057422|-0.5440962,0.5911986,0.3257909,0.498301
Right:0.1465205,1.466638,-0.2869682|-0.5927061,-0.3831175,-0.07503255,0.7044789
Head:0.007171694,1.581136,-0.4050159|0.1205471,0.0756625,-0.04929343,0.9885918
Left:-0.08717966,1.491639,-0.2067769|-0.5463123,0.5925817,0.3244602,0.4950913
Right:0.1461753,1.46649,-0.2868446|-0.5926602,-0.3836399,-0.07459351,0.7042799
Head:0.007180382,1.580995,-0.4047902|0.1207318,0.07540574,-0.04963332,0.9885719
Left:-0.08656144,1.491864,-0.2077775|-0.547851,0.5935418,0.3244167,0.4922614
Right:0.1457541,1.466304,-0.2868472|-0.5926622,-0.3841608,-0.0744445,0.70401
Head:0.007254966,1.58078,-0.4045354|0.1209911,0.07521327,-0.05008519,0.9885321
Left:-0.08567929,1.492201,-0.2083958|-0.5483724,0.5949561,0.3260501,0.4888827
Right:0.1456258,1.465966,-0.2867413|-0.5926275,-0.3847222,-0.07405343,0.7037739
Head:0.007424749,1.580696,-0.4041735|0.1211842,0.07493275,-0.0505619,0.9885054
Left:-0.08503628,1.492649,-0.2089221|-0.5484281,0.59635,0.328945,0.4851685
Right:0.1454115,1.465765,-0.2866571|-0.5922773,-0.3850484,-0.0737659,0.7039204
Head:0.007362857,1.58062,-0.4039662|0.1213087,0.07475093,-0.05081503,0.9884909
Left:-0.08450472,1.493116,-0.209372|-0.5486683,0.5974848,0.3322076,0.4812621
Right:0.1453371,1.465622,-0.2864693|-0.592032,-0.3846502,-0.07339345,0.7043833
Head:0.007424369,1.580485,-0.4036819|0.1216308,0.07483655,-0.05136319,0.9884166
Left:-0.08420002,1.493695,-0.2100729|-0.5497565,0.5984452,0.3349616,0.4768983
Right:0.1450794,1.465571,-0.2864952|-0.5916216,-0.3850593,-0.07330427,0.7045138
Head:0.007524468,1.580354,-0.4033253|0.1219627,0.07503211,-0.05189954,0.9883328
Left:-0.08408761,1.494073,-0.2103585|-0.5516249,0.5989133,0.3387517,0.4714448
Right:0.144919,1.465326,-0.2864376|-0.5912485,-0.3853461,-0.07302356,0.7046994
Head:0.007630356,1.580195,-0.4029498|0.1221808,0.07532563,-0.05241869,0.9882562
Left:-0.0841459,1.494519,-0.2105409|-0.5546552,0.597864,0.3426487,0.4663776
Right:0.1448838,1.465144,-0.2863814|-0.5908169,-0.3858007,-0.0727696,0.7048389
Head:0.007804822,1.580014,-0.4025899|0.1224316,0.07555865,-0.05289716,0.9881818
Left:-0.08433008,1.49497,-0.2104172|-0.5582706,0.5954754,0.3469132,0.4619461
Right:0.1449523,1.464822,-0.2861906|-0.5901542,-0.3862776,-0.07196076,0.7052158
Head:0.007933974,1.579919,-0.4020816|0.1226076,0.07589866,-0.05317075,0.9881192
Left:-0.08470297,1.495529,-0.2099636|-0.5613576,0.5919955,0.352024,0.4588007
Right:0.1450323,1.46458,-0.2861537|-0.5894685,-0.3866991,-0.07085798,0.7056698
Head:0.00801276,1.579863,-0.4015633|0.1226036,0.07627895,-0.05342072,0.988077
Left:-0.08502603,1.496143,-0.2094105|-0.5642068,0.5882683,0.356926,0.4563057
Right:0.1451029,1.464358,-0.2859794|-0.5886394,-0.3871535,-0.06995539,0.7062025
Head:0.008097693,1.579776,-0.400861|0.1225281,0.07689713,-0.05359213,0.9880292
Left:-0.08593202,1.496697,-0.2083684|-0.5665667,0.5836505,0.3630157,0.454504
Right:0.1452557,1.464083,-0.285743|-0.587218,-0.3879665,-0.06879845,0.7070529
Head:0.00831965,1.579776,-0.3999991|0.1225238,0.07733305,-0.05377072,0.987986
Left:-0.08688927,1.49723,-0.2070301|-0.5679322,0.5792904,0.3696656,0.4530155
Right:0.1453981,1.463782,-0.2854391|-0.5863076,-0.3884442,-0.06763538,0.7076582
Head:0.008333679,1.579654,-0.399128|0.1223473,0.07766896,-0.05359824,0.9879909
Left:-0.08796096,1.497782,-0.2056689|-0.5691411,0.574999,0.3763493,0.4514595
Right:0.1457335,1.463471,-0.2851787|-0.5856707,-0.388683,-0.065929,0.7082153
Head:0.008267026,1.579486,-0.3981203|0.1222057,0.07805796,-0.05310233,0.9880045
Left:-0.08911145,1.498064,-0.2042084|-0.5702689,0.571286,0.3833398,0.4488612
Right:0.1460301,1.463125,-0.2847085|-0.5846172,-0.3891708,-0.06396994,0.708997
Head:0.008137684,1.579288,-0.3969427|0.1219668,0.07852328,-0.05277969,0.9880145
Left:-0.09063876,1.498381,-0.2028862|-0.5715976,0.5676659,0.3905002,0.4455797
Right:0.1463997,1.462666,-0.2844144|-0.5842465,-0.389206,-0.06106515,0.7095391
Head:0.007872865,1.579126,-0.3955373|0.1221596,0.07877953,-0.05264821,0.9879772
Left:-0.09226847,1.498578,-0.2017095|-0.5729666,0.5639707,0.3974882,0.4423229
Right:0.1466749,1.462266,-0.2838317|-0.5834711,-0.3896233,-0.05831052,0.7101796
Head:0.007363953,1.579007,-0.3940217|0.1224644,0.07911379,-0.05223148,0.9879349
Left:-0.09406459,1.498682,-0.2003813|-0.5743998,0.5606005,0.4046314,0.4382527
Right:0.1469951,1.461827,-0.2831222|-0.5821388,-0.3904262,-0.0549691,0.7110979
Head:0.006805737,1.578886,-0.392204|0.1228894,0.07918108,-0.05167847,0.9879059
Left:-0.09610653,1.498753,-0.1991615|-0.5761749,0.5572042,0.4114188,0.433913
Right:0.1472826,1.461318,-0.2821085|-0.5805519,-0.3916475,-0.05175565,0.7119642
Head:0.005947046,1.578873,-0.3903365|0.1231957,0.0788611,-0.05077338,0.9879402
Left:-0.0981158,1.498635,-0.1984193|-0.5780966,0.5542294,0.4170516,0.4297697
Right:0.1474864,1.460693,-0.2813357|-0.5788498,-0.393089,-0.04899481,0.7127506
Head:0.005056337,1.57882,-0.3880557|0.1237442,0.07840003,-0.04990046,0.9879528
Left:-0.1003054,1.498615,-0.1975958|-0.580063,0.5522247,0.4213954,0.4254418
Right:0.1475372,1.460251,-0.2799554|-0.5759038,-0.3950355,-0.04612691,0.7142507
Head:0.004176077,1.578887,-0.3855505|0.1242984,0.07761054,-0.04898375,0.9879915
Left:-0.1024435,1.498467,-0.1967791|-0.5817638,0.5506383,0.4256334,0.420933
Right:0.1476674,1.459685,-0.2785548|-0.5733554,-0.3967993,-0.04338604,0.715494
Head:0.002886306,1.57894,-0.3826964|0.1249051,0.07657594,-0.04774797,0.9880562
Left:-0.1047171,1.498151,-0.1963673|-0.5835136,0.5505912,0.4284997,0.4156313
Right:0.1475983,1.459069,-0.2766817|-0.5698183,-0.3996935,-0.04069471,0.7168655
Head:0.001195129,1.579132,-0.3796096|0.1251563,0.07527372,-0.04660175,0.9881792
Left:-0.1071955,1.497626,-0.1959578|-0.5856804,0.5509858,0.4303197,0.410144
Right:0.1477031,1.458439,-0.2747641|-0.566214,-0.4022114,-0.03705025,0.718509
Head:-0.0005245879,1.579338,-0.3762147|0.1255664,0.07390742,-0.04581103,0.9882672
Left:-0.1098173,1.49707,-0.1959336|-0.5876799,0.5516824,0.4314784,0.4050993
Right:0.1477234,1.457659,-0.2726928|-0.5626934,-0.4043993,-0.03215563,0.7202802
Head:-0.002532795,1.579561,-0.372474|0.1261175,0.07209267,-0.04484141,0.9883756
Left:-0.1124526,1.49646,-0.1958071|-0.5894004,0.5520474,0.4329334,0.400524
Right:0.1478571,1.456928,-0.2705601|-0.5591974,-0.4068004,-0.02691,0.7218639
Head:-0.005177572,1.579922,-0.3683177|0.1266883,0.06977012,-0.04363266,0.9885234
Left:-0.1158222,1.495611,-0.1957669|-0.5917357,0.5527898,0.4318111,0.3972549
Right:0.147836,1.45609,-0.2676455|-0.5545431,-0.4107905,-0.01957126,0.7234294
Head:-0.007940624,1.58016,-0.3641071|0.1274358,0.06698335,-0.0417722,0.9887004
Left:-0.1190823,1.494832,-0.1955853|-0.593699,0.5530089,0.4322482,0.3935277
Right:0.1477404,1.455181,-0.2650025|-0.550092,-0.4143913,-0.01363067,0.7249088
Head:-0.01100634,1.580386,-0.3593681|0.1283959,0.06307144,-0.03948451,0.9889274
Left:-0.1229606,1.493585,-0.1957475|-0.5951543,0.5535011,0.4328669,0.3899411
Right:0.1478844,1.454382,-0.261465|-0.544908,-0.4176078,-0.007081131,0.7270688
Head:-0.01435969,1.580631,-0.3545558|0.1294855,0.05895856,-0.0368097,0.9891423
Left:-0.1266816,1.492325,-0.195192|-0.595872,0.5536579,0.4342754,0.3870457
Right:0.1480401,1.453466,-0.2576263|-0.5392363,-0.4210812,-0.0008234093,0.7293245
Head:-0.01819691,1.580815,-0.3494847|0.1306221,0.05431196,-0.03412719,0.9893551
Left:-0.1314185,1.491073,-0.1939963|-0.5941674,0.5522344,0.4384747,0.3869655
Right:0.1479137,1.452629,-0.2528518|-0.5329905,-0.4257239,0.005800588,0.7311954
Head:-0.02241112,1.580883,-0.3441401|0.1316321,0.04921214,-0.03158709,0.9895723
Left:-0.1368624,1.48962,-0.1921201|-0.5906311,0.5475364,0.4470466,0.3892404
Right:0.1477026,1.451667,-0.2476326|-0.5256037,-0.4323792,0.01190577,0.7325621
Head:-0.02703965,1.580868,-0.3387682|0.1324977,0.0436964,-0.02871404,0.9898033
Left:-0.1421522,1.488214,-0.190426|-0.5887792,0.5428833,0.4550563,0.389282
Right:0.1475564,1.450653,-0.2418356|-0.517118,-0.4397538,0.0192126,0.7340548
Head:-0.03175624,1.580899,-0.3330896|0.1334662,0.03809718,-0.02554267,0.9899914
Left:-0.1487324,1.486251,-0.187337|-0.5872246,0.5340327,0.4671102,0.3895951
Right:0.1473005,1.449854,-0.2357707|-0.5089018,-0.4462124,0.02517314,0.7357172
Head:-0.03673429,1.580637,-0.3273026|0.1343475,0.03178764,-0.02199015,0.9901801
Left:-0.1548884,1.484326,-0.1842731|-0.5877856,0.5230555,0.4777678,0.3907159
Right:0.1466868,1.448825,-0.2289549|-0.4998052,-0.4538797,0.03148373,0.7370189
Head:-0.0422566,1.580241,-0.3214429|0.1352106,0.0247166,-0.01822087,0.9903409
Left:-0.1616294,1.481471,-0.1817212|-0.5889515,0.5128896,0.4866821,0.3914346
Right:0.1461114,1.44774,-0.221923|-0.4904834,-0.4614435,0.03880944,0.7382342
Head:-0.04796604,1.579779,-0.315358|0.136046,0.01756734,-0.01505305,0.9904324
Left:-0.1686783,1.478604,-0.1789478|-0.5893643,0.5043741,0.4947986,0.3917025
Right:0.1451112,1.446748,-0.2134131|-0.4807577,-0.468914,0.04589714,0.7395169
Head:-0.05385841,1.579138,-0.3093162|0.13726,0.0101786,-0.01192379,0.990411
Left:-0.1754403,1.475371,-0.1767579|-0.5901063,0.4969999,0.5000846,0.3932951
Right:0.1438148,1.44568,-0.2044524|-0.4714817,-0.4764394,0.05319815,0.7401895
Head:-0.06001122,1.578275,-0.3034706|0.138383,0.002252806,-0.009042199,0.990335
Left:-0.1823497,1.471801,-0.1748358|-0.5902754,0.491801,0.5033574,0.3953962
Right:0.1421691,1.444908,-0.1951406|-0.4617487,-0.4846792,0.06046715,0.7404174
Head:-0.06636034,1.577412,-0.2975536|0.1395019,-0.005268645,-0.006672611,0.9901853
Left:-0.1894233,1.46819,-0.1730511|-0.589831,0.4866422,0.5072346,0.3974821
Right:0.1405716,1.443942,-0.1849477|-0.4522768,-0.4929104,0.06739641,0.7402316
Head:-0.07291982,1.576226,-0.291594|0.1406534,-0.01314534,-0.00495362,0.9899592
Left:-0.1961164,1.464341,-0.1719111|-0.5891615,0.4824365,0.509913,0.4001656
Right:0.1388005,1.44297,-0.1743263|-0.4427537,-0.5013489,0.0745312,0.7396374
Head:-0.07952764,1.575041,-0.2858151|0.1418685,-0.02071531,-0.003711147,0.9896618
Left:-0.2033564,1.460346,-0.1704435|-0.5912994,0.4756112,0.5109037,0.4039015
Right:0.1367669,1.442146,-0.1638008|-0.4329063,-0.5097557,0.08264891,0.7388576
Head:-0.08633006,1.573629,-0.280158|0.1434722,-0.02820724,-0.003454699,0.9892462
Left:-0.211188,1.456228,-0.1692042|-0.5957137,0.4661861,0.5110692,0.4081717
Right:0.1341825,1.441135,-0.1516365|-0.4231879,-0.518937,0.09199592,0.7369893
Head:-0.09299046,1.57176,-0.2744137|0.1451692,-0.03641281,-0.004139358,0.9887279
Left:-0.2188873,1.452067,-0.1691133|-0.6033655,0.4526462,0.5100911,0.4133625
Right:0.1319985,1.44013,-0.1398089|-0.4136581,-0.5278631,0.1018711,0.7347583
Head:-0.09985192,1.570009,-0.2689965|0.1462496,-0.04440392,-0.002474949,0.9882476
Left:-0.2266475,1.447962,-0.1683997|-0.6088648,0.4407489,0.5108424,0.4172098
Right:0.1287683,1.43882,-0.1256891|-0.4040142,-0.5383573,0.1151066,0.7305439
Head:-0.1069159,1.568079,-0.2638235|0.1471426,-0.05233785,-0.00131931,0.9877288
Left:-0.2354035,1.44361,-0.1680063|-0.6146315,0.4270627,0.5131592,0.4201348
Right:0.1252536,1.437942,-0.1114874|-0.3949204,-0.5481443,0.1264907,0.7263441
Head:-0.1134644,1.565858,-0.2586952|0.1489706,-0.05935029,-0.002531369,0.9870557
Left:-0.243223,1.439357,-0.1685504|-0.6196838,0.4145967,0.5153177,0.4225509
Right:0.1225049,1.437115,-0.09831953|-0.3862958,-0.5572394,0.1368586,0.7221701
Head:-0.1200429,1.56377,-0.2539925|0.1508286,-0.06660856,-0.003512147,0.9863071
Left:-0.2513529,1.434886,-0.169427|-0.6241165,0.4036516,0.517453,0.4240124
Right:0.118356,1.436544,-0.08245063|-0.3778629,-0.566081,0.1472418,0.7176989
Head:-0.1269642,1.56146,-0.249635|0.1529407,-0.072604,-0.003905022,0.985557
Left:-0.2599708,1.430512,-0.170491|-0.6266464,0.3962445,0.5198213,0.4243707
Right:0.1143696,1.436287,-0.06596959|-0.3705479,-0.5736461,0.1568489,0.7134585
Head:-0.1335633,1.559265,-0.2453097|0.1548908,-0.07855035,-0.004168081,0.9847951
Left:-0.2677423,1.426165,-0.1729783|-0.6283065,0.3919985,0.5212639,0.4240897
Right:0.1104766,1.436521,-0.04868746|-0.3637662,-0.5798965,0.1662869,0.7097485
Head:-0.1394593,1.556465,-0.2410097|0.1567797,-0.08397809,-0.004887282,0.9840447
Left:-0.2752496,1.421745,-0.1752254|-0.6310392,0.3881755,0.5210072,0.4238641
Right:0.1050563,1.436706,-0.02994967|-0.3576218,-0.5853326,0.1770385,0.7057973
Head:-0.1460607,1.553653,-0.2375159|0.1578205,-0.08925832,-0.004757283,0.983414
Left:-0.283411,1.417531,-0.1770729|-0.6345334,0.3823498,0.5206143,0.4244252
Right:0.1003575,1.437007,-0.01097214|-0.3520543,-0.590984,0.1885189,0.7008968
Head:-0.1522767,1.551107,-0.2340319|0.1587969,-0.09428759,-0.005335047,0.9827843
Left:-0.2903025,1.413334,-0.1812851|-0.639796,0.3758542,0.5174666,0.4261726
Right:0.09571195,1.437152,0.006823659|-0.3466333,-0.5965582,0.2005131,0.6955273
Head:-0.1575717,1.54822,-0.230291|0.1600053,-0.09961292,-0.005741916,0.9820604
Left:-0.297219,1.409124,-0.1845199|-0.6473151,0.3663003,0.5120807,0.4296284
Right:0.08889639,1.437346,0.02765691|-0.341552,-0.6012729,0.2128759,0.6902876
Head:-0.163233,1.54541,-0.2271124|0.1604096,-0.1044542,-0.004641227,0.9814971
Left:-0.304961,1.405101,-0.1868944|-0.6541398,0.3558052,0.5077611,0.4332233
Right:0.08288133,1.437217,0.04839909|-0.3373884,-0.6058257,0.2251006,0.6844516
Head:-0.1680155,1.542521,-0.223967|0.1608508,-0.1083421,-0.003000361,0.9810097
Left:-0.3110776,1.401111,-0.1913657|-0.6622094,0.3438407,0.5011523,0.4382906
Right:0.07697463,1.43737,0.06854784|-0.3342107,-0.6095371,0.2370135,0.6786696
Head:-0.1728774,1.53991,-0.2207796|0.1615954,-0.1119732,-0.001038807,0.9804835
Left:-0.3170853,1.396886,-0.194863|-0.6691568,0.3324774,0.4949774,0.4434922
Right:0.070104,1.437514,0.08990371|-0.3300652,-0.6132702,0.2490437,0.6730036
Head:-0.1773829,1.537122,-0.2179904|0.1624663,-0.114209,0.0005488776,0.980082
Left:-0.3237212,1.392978,-0.1975158|-0.673696,0.3224039,0.4908534,0.4486115
Right:0.06368756,1.437881,0.1125537|-0.3257897,-0.6156344,0.2606123,0.6685332
Head:-0.1815148,1.534482,-0.215469|0.1633444,-0.1153626,0.001217384,0.9798003
Left:-0.3290699,1.388982,-0.2019832|-0.6776075,0.3145539,0.4864539,0.4530636
Right:0.05706525,1.438084,0.1343728|-0.3219889,-0.6167275,0.2724965,0.6646172
Head:-0.1848338,1.531902,-0.2127669|0.1647744,-0.1157019,0.002579422,0.9795182
Left:-0.3336625,1.384823,-0.2057414|-0.6790674,0.3108179,0.482601,0.4575544
Right:0.04981303,1.438478,0.1573734|-0.3180102,-0.6173944,0.2853557,0.6605042
Head:-0.1879805,1.529348,-0.2102427|0.1661555,-0.1154354,0.00504951,0.9793067
Left:-0.3393579,1.381016,-0.2084489|-0.6802562,0.3060971,0.4793935,0.4623179
Right:0.04014647,1.44017,0.1817927|-0.3132879,-0.6186773,0.2979895,0.655966
Head:-0.1909868,1.526872,-0.2078923|0.1671672,-0.1153179,0.007768275,0.9791306
Left:-0.3436491,1.377168,-0.2131574|-0.6820228,0.3012707,0.4752141,0.4671751
Right:0.03309119,1.440764,0.2034649|-0.3107805,-0.6180696,0.3107572,0.651794
Head:-0.1931448,1.524649,-0.2056458|0.1684893,-0.1148351,0.01151999,0.9789237
Left:-0.3486764,1.373187,-0.2160523|-0.6844749,0.2949479,0.4698642,0.4729984
Right:0.02648246,1.440995,0.2265067|-0.3080959,-0.6168116,0.3228722,0.6483625
Head:-0.1952032,1.522539,-0.2033561|0.1701477,-0.1143832,0.01517049,0.97864
Left:-0.3525441,1.369665,-0.2194529|-0.6881877,0.2866378,0.4627765,0.4796607
Right:0.01708174,1.443044,0.250605|-0.3063058,-0.6138157,0.3323157,0.6472815
Head:-0.1971017,1.520892,-0.201382|0.1715078,-0.1133497,0.01905986,0.9784548
Left:-0.3560474,1.366122,-0.2240237|-0.6926302,0.2765898,0.4552086,0.4863607
Right:0.009975672,1.444732,0.271098|-0.306852,-0.61022,0.3395852,0.6466494
Head:-0.1988414,1.519282,-0.1988292|0.1723522,-0.1125164,0.02231249,0.9783338
Left:-0.3608217,1.362556,-0.2268757|-0.6968088,0.2646687,0.4486106,0.4931089
Right:0.003717661,1.445826,0.2936655|-0.3065664,-0.607003,0.347061,0.645843
Head:-0.200416,1.517687,-0.1965172|0.1714732,-0.1121398,0.02489237,0.9784692
Left:-0.3648002,1.358872,-0.2302408|-0.7001629,0.2532857,0.4424577,0.4998494
Right:-0.004579902,1.447674,0.3152328|-0.3062563,-0.6028627,0.3530073,0.6466449
Head:-0.2019095,1.516527,-0.1944351|0.1699441,-0.1119591,0.02733166,0.9786916
Left:-0.368047,1.355482,-0.2340361|-0.702074,0.2427074,0.4384155,0.5059418
Right:-0.01003075,1.449767,0.3335912|-0.3038507,-0.5991254,0.3600657,0.647361
Head:-0.2030566,1.515326,-0.1919542|0.1681059,-0.1114081,0.02900942,0.9790236
Left:-0.3710325,1.351813,-0.2366273|-0.7025185,0.2339718,0.436623,0.5109652
Right:-0.01634359,1.450545,0.3538859|-0.2978331,-0.5945941,0.3700085,0.6487272
Head:-0.2038379,1.514076,-0.1895506|0.16615,-0.1104661,0.03004356,0.9794329
Left:-0.3750906,1.348659,-0.2381535|-0.7019359,0.2257089,0.4369559,0.5151805
Right:-0.0203377,1.451592,0.3722388|-0.2902483,-0.5905385,0.3818417,0.6490124
Head:-0.2047133,1.512954,-0.1875494|0.1639572,-0.1089656,0.03046092,0.9799575
Left:-0.3773637,1.345684,-0.2415184|-0.7009883,0.2192649,0.4372502,0.51899
Right:-0.02467406,1.452092,0.3858902|-0.2824031,-0.5896859,0.3941544,0.6458803
Head:-0.2056429,1.511548,-0.1854618|0.1628339,-0.1074599,0.02989545,0.9803284
Left:-0.3793657,1.342141,-0.24341|-0.7004735,0.2122274,0.4363045,0.5233877
Right:-0.0273422,1.451284,0.4021268|-0.2754078,-0.5906129,0.4040437,0.6419312
Head:-0.2062061,1.510302,-0.1833586|0.1623839,-0.1068838,0.02932289,0.9804834
Left:-0.3824189,1.339546,-0.2442583|-0.6995336,0.2046908,0.4364694,0.5274929
Right:-0.03221965,1.45178,0.4144267|-0.2687688,-0.5935546,0.4120147,0.636946
Head:-0.2073601,1.509195,-0.1818548|0.1624216,-0.1072888,0.02926527,0.9804345
Left:-0.3838634,1.33726,-0.2470707|-0.699195,0.1973224,0.4353601,0.5316502
Right:-0.03605771,1.452633,0.422288|-0.2652964,-0.5934783,0.4175268,0.6348801
Head:-0.2083058,1.507824,-0.1801496|0.1627173,-0.1079387,0.02900608,0.9803219
Left:-0.3851488,1.334496,-0.2484193|-0.699286,0.1895813,0.4328053,0.5364117
Right:-0.03838968,1.452831,0.4333595|-0.2628393,-0.5907505,0.4222297,0.6353357
Head:-0.208808,1.506712,-0.1783394|0.1635336,-0.1090158,0.02942191,0.9800544
Left:-0.3866467,1.332969,-0.248907|-0.6990763,0.181802,0.4286047,0.5427139
Right:-0.04193747,1.455127,0.4417828|-0.2604566,-0.5842469,0.4234202,0.6415086
Head:-0.2097189,1.505683,-0.1769931|0.1640576,-0.1095674,0.03027669,0.9798793
Left:-0.3876672,1.331244,-0.2509789|-0.6982375,0.1752527,0.4250122,0.54874
Right:-0.04555154,1.457056,0.4473531|-0.2581363,-0.5770895,0.4225104,0.6494755
Head:-0.2104968,1.504518,-0.1755419|0.1648299,-0.1093379,0.03041165,0.9797711
Left:-0.3885643,1.329619,-0.2512808|-0.6964669,0.1702357,0.4210422,0.5555872
Right:-0.0482198,1.458169,0.4532995|-0.2574298,-0.5725757,0.4223495,0.6538408
Head:-0.2109847,1.503528,-0.1741963|0.1655393,-0.1092042,0.03003808,0.979678
Left:-0.3888156,1.328838,-0.252057|-0.6942252,0.1680479,0.4177868,0.5614851
Right:-0.0522927,1.460346,0.4588401|-0.2560123,-0.5701961,0.4235411,0.6557035
Head:-0.211711,1.502791,-0.1730416|0.1662634,-0.1096808,0.02999343,0.9795035
Left:-0.3889201,1.328116,-0.2539343|-0.6920137,0.1681385,0.4156839,0.5657325
Right:-0.0553261,1.461022,0.4615102|-0.25505,-0.569145,0.4261793,0.6552821
Head:-0.2122044,1.501936,-0.1719704|0.1668111,-0.1095794,0.02977681,0.9794283
Left:-0.3893635,1.326883,-0.2544292|-0.6904474,0.1675161,0.4133959,0.569495
Right:-0.05795825,1.460842,0.4664191|-0.2537622,-0.5673716,0.4277794,0.6562766
Head:-0.212536,1.501149,-0.1711001|0.1672446,-0.1094049,0.02995196,0.9793686
Left:-0.3895719,1.326456,-0.2554089|-0.6889202,0.169242,0.4123862,0.5715626
Right:-0.05998123,1.461366,0.4694167|-0.2534138,-0.5648858,0.4280124,0.6584002
Head:-0.2129555,1.500704,-0.1705438|0.167264,-0.1087139,0.02984067,0.9794456
Left:-0.3886821,1.327607,-0.2638928|-0.6853065,0.1720629,0.4151869,0.5730351
Right:-0.06237686,1.461898,0.4706369|-0.2536992,-0.5611267,0.4262836,0.6626129
Head:-0.2129805,1.500333,-0.1699053|0.1674177,-0.1080684,0.02940748,0.9795039
Left:-0.387023,1.326372,-0.2638708|-0.6843641,0.172122,0.4121473,0.5763283
Right:-0.06437552,1.46164,0.4729427|-0.2547706,-0.5590914,0.4232113,0.6658836
Head:-0.2131094,1.500024,-0.1691738|0.167672,-0.1074648,0.02882347,0.9795441
Left:-0.3904722,1.326754,-0.2608796|-0.6825709,0.1705951,0.4116723,0.579241
Right:-0.06625891,1.46272,0.4751254|-0.2567461,-0.5579712,0.4207527,0.6676202
Head:-0.2134594,1.500161,-0.1689571|0.167671,-0.1069876,0.02806024,0.9796187
Left:-0.3898046,1.327833,-0.2661564|-0.6798864,0.1713049,0.4125889,0.581532
Right:-0.0689106,1.463254,0.4748231|-0.2610624,-0.5576057,0.4186033,0.6676028
Head:-0.2135716,1.500295,-0.1686762|0.1674799,-0.1070685,0.02693271,0.9796742
Left:-0.3964267,1.333538,-0.272846|-0.6849608,0.1720969,0.4026579,0.5823041
Right:-0.07070625,1.463316,0.4751916|-0.2649702,-0.5585696,0.4154777,0.66721
Head:-0.2134377,1.500535,-0.1683658|0.1672736,-0.1072497,0.02605584,0.9797133
Left:-0.4023292,1.334038,-0.2698246|-0.6827245,0.1712784,0.4039603,0.5842662
Right:-0.07338655,1.464646,0.4753856|-0.268933,-0.5593359,0.4122479,0.6669858
Head:-0.2133045,1.500999,-0.1686025|0.166444,-0.1073179,0.02534463,0.9798658
Left:-0.403702,1.334986,-0.2692358|-0.6815171,0.1720856,0.4029283,0.5861483
Right:-0.07562351,1.465749,0.47374|-0.2732585,-0.5601428,0.4086295,0.6667771
Head:-0.2130523,1.501398,-0.1684855|0.1657058,-0.1071795,0.02470667,0.9800223
Left:-0.3989019,1.331424,-0.2645025|-0.6789309,0.1750128,0.3994848,0.5906228
Right:-0.07720399,1.46598,0.4739171|-0.2769174,-0.5602145,0.4054539,0.6671458
Head:-0.2124953,1.501997,-0.1684442|0.1646393,-0.1068151,0.02387216,0.9802625
Left:-0.3996964,1.332433,-0.2631589|-0.6774227,0.1774302,0.399712,0.5914789
Right:-0.07822609,1.468033,0.4729168|-0.279662,-0.5591165,0.4019472,0.6690414
Head:-0.2117832,1.503004,-0.1690169|0.1630536,-0.1056405,0.02306611,0.980674
Left:-0.4002702,1.333246,-0.2621257|-0.6761923,0.1798755,0.4002767,0.5917663
Right:-0.07974958,1.46944,0.4715908|-0.2819228,-0.5579365,0.3986615,0.6710405
Head:-0.2107861,1.503835,-0.1693053|0.1623619,-0.1038865,0.0219739,0.9810012
Left:-0.3966663,1.331233,-0.2573448|-0.6739039,0.1827292,0.400077,0.5936347
Right:-0.08056998,1.470554,0.4706933|-0.2842577,-0.5563256,0.3944469,0.6738778
Head:-0.2092297,1.504987,-0.1694533|0.1621118,-0.1016654,0.01997093,0.9813181
Left:-0.3954184,1.332613,-0.2554334|-0.6734551,0.1846274,0.400118,0.5935289
Right:-0.0809741,1.472919,0.4697751|-0.2869433,-0.5552353,0.3890063,0.6767949
Head:-0.2076529,1.506448,-0.1705172|0.1616791,-0.09740075,0.01818165,0.9818566
Left:-0.3952327,1.333448,-0.2534229|-0.6731427,0.1861216,0.4008929,0.5928933
Right:-0.08130324,1.47497,0.4665566|-0.2912681,-0.5534994,0.381793,0.6804671
Head:-0.205926,1.507611,-0.171144|0.161246,-0.09379639,0.01653221,0.9823079
Left:-0.3931479,1.333313,-0.2506946|-0.6723854,0.1879387,0.4012249,0.5929549
Right:-0.08164048,1.476213,0.4646935|-0.295272,-0.5522964,0.3750261,0.6834754
Head:-0.2034699,1.509274,-0.1717909|0.1605396,-0.08887866,0.0146044,0.9829112
Left:-0.3920166,1.334604,-0.2471473|-0.67122,0.1902438,0.4043556,0.5914115
Right:-0.08108866,1.478673,0.4612248|-0.2997653,-0.5522786,0.3663312,0.6862438
Head:-0.201249,1.511123,-0.1730416|0.1589236,-0.08350586,0.01373987,0.9836571
Left:-0.3911679,1.335547,-0.2441924|-0.6699653,0.1930531,0.4067967,0.5902486
Right:-0.08107269,1.480303,0.4578334|-0.30356,-0.5521818,0.3596576,0.6881809
Head:-0.1987883,1.512866,-0.1741508|0.1573497,-0.07747775,0.012406,0.9844208
Left:-0.3897052,1.336439,-0.2408501|-0.6686325,0.1964912,0.4088176,0.5892283
Right:-0.08031642,1.481033,0.4540477|-0.3076139,-0.5520071,0.3533814,0.6897705
Head:-0.1957286,1.51494,-0.1755779|0.1554972,-0.07089616,0.0108957,0.9852287
Left:-0.3878884,1.337795,-0.2369072|-0.6663926,0.2013269,0.4116292,0.5881749
Right:-0.07917953,1.482715,0.4494832|-0.3118682,-0.551681,0.3466826,0.6915184
Head:-0.1928906,1.517205,-0.1774904|0.1531905,-0.06394351,0.01018585,0.9860731
Left:-0.3852329,1.339592,-0.2327394|-0.6637294,0.2080051,0.413794,0.587343
Right:-0.07760537,1.483543,0.4447881|-0.3161347,-0.5513845,0.339835,0.6932144
Head:-0.1898172,1.519215,-0.1792348|0.1510841,-0.05683054,0.00898171,0.9868451
Left:-0.3833966,1.341629,-0.2294173|-0.6623035,0.2131759,0.4149818,0.5862595
Right:-0.0761869,1.484707,0.4391047|-0.3196254,-0.5512152,0.3334136,0.6948646
Head:-0.1862125,1.521564,-0.1811415|0.1491842,-0.04882295,0.007617116,0.987574
Left:-0.3804066,1.34356,-0.2252496|-0.6607086,0.2200328,0.4153678,0.5852515
Right:-0.07417464,1.48617,0.4331131|-0.3226145,-0.5507818,0.3262607,0.6972183
Head:-0.1827353,1.524008,-0.1838756|0.1469375,-0.03987815,0.006607964,0.9883195
Left:-0.3769791,1.345783,-0.2211893|-0.6593036,0.228046,0.4158483,0.5834243
Right:-0.07213068,1.48753,0.4262522|-0.3257098,-0.5500956,0.3182961,0.6999968
Head:-0.179274,1.526305,-0.186213|0.1457719,-0.03074749,0.005497973,0.988825
Left:-0.3747475,1.348782,-0.2180587|-0.65825,0.2360161,0.4166982,0.5808321
Right:-0.06947494,1.488484,0.419487|-0.3300631,-0.5487585,0.3091583,0.7030958
Head:-0.1752013,1.528899,-0.1888379|0.1450948,-0.0212547,0.003938513,0.9891816
Left:-0.370815,1.351359,-0.2138181|-0.6560009,0.2460622,0.4180867,0.5782039
Right:-0.06662679,1.490818,0.4117594|-0.3360979,-0.5470419,0.2973571,0.7066556
Head:-0.1716835,1.531543,-0.1921219|0.1448424,-0.01161801,0.003728024,0.9893795
Left:-0.36654,1.354142,-0.2097787|-0.652757,0.2570175,0.420642,0.5752482
Right:-0.06374156,1.492598,0.4036027|-0.3430271,-0.5451109,0.2847902,0.7099867
Head:-0.1678977,1.533884,-0.1952132|0.1448787,-0.002089327,0.003134712,0.9894423
Left:-0.3632607,1.357751,-0.2062351|-0.649558,0.2678068,0.4239361,0.5715173
Right:-0.06049395,1.495229,0.3939112|-0.3535421,-0.5417787,0.2671029,0.7142408
Head:-0.1637336,1.536502,-0.1984971|0.1448524,0.007345688,0.002573462,0.9894227
Left:-0.3591704,1.360427,-0.2021207|-0.645788,0.2787766,0.4268578,0.5683607
Right:-0.05629516,1.498796,0.3839905|-0.3660666,-0.5368494,0.2455534,0.7193688
Head:-0.1599805,1.539294,-0.2023136|0.1440538,0.01664109,0.00280744,0.989426
Left:-0.3541191,1.363634,-0.1976604|-0.6407216,0.2906393,0.4306923,0.5652511
Right:-0.05248034,1.501511,0.3735843|-0.3778332,-0.5316212,0.2252597,0.7237949
Head:-0.1560161,1.541858,-0.2059298|0.1425446,0.02568419,0.002580849,0.9894517
Left:-0.3501327,1.367112,-0.1937786|-0.6372259,0.3008965,0.4332294,0.5618868
Right:-0.047912,1.504429,0.3621303|-0.3900045,-0.5255803,0.2012362,0.7288113
Head:-0.1519706,1.54466,-0.2095589|0.1406621,0.03430593,0.002065861,0.989461
Left:-0.3454068,1.370179,-0.1897107|-0.6336521,0.3112393,0.434973,0.5589397
Right:-0.04323685,1.507265,0.350821|-0.3975693,-0.5210198,0.1798913,0.7335641
Head:-0.1483538,1.547408,-0.2137281|0.1385839,0.04297326,0.001192425,0.9894172
Left:-0.3404093,1.373583,-0.1853527|-0.6307408,0.3206325,0.4355476,0.5564703
Right:-0.03889608,1.508585,0.3391986|-0.4019699,-0.5182066,0.1637808,0.7369247
Head:-0.1444923,1.54987,-0.2178376|0.1369155,0.0510949,0.0001420213,0.9892641
Left:-0.3356905,1.377552,-0.1818073|-0.6286083,0.3294954,0.4352576,0.5539272
Right:-0.03496706,1.509647,0.3262962|-0.404862,-0.5181738,0.1515502,0.7379806
Head:-0.1407237,1.552197,-0.2219086|0.1355014,0.05874243,-0.0007208825,0.989034
Left:-0.3307402,1.380837,-0.1784103|-0.6258008,0.3390228,0.4349489,0.5515944
Right:-0.03165996,1.509993,0.3122958|-0.4084574,-0.5195246,0.1413807,0.7370673
Head:-0.1372004,1.554577,-0.2264133|0.1343522,0.06566224,-0.001440487,0.9887547
Left:-0.3258457,1.384616,-0.1749154|-0.6230893,0.34855,0.434875,0.5487772
Right:-0.0271455,1.510607,0.2996138|-0.4140517,-0.5188917,0.1291053,0.736644
Head:-0.1334208,1.556789,-0.2307852|0.1335144,0.07221101,-0.002075947,0.9884105
Left:-0.3200438,1.388361,-0.1716614|-0.6191204,0.359096,0.4353845,0.5460591
Right:-0.02286625,1.511723,0.2846893|-0.4220539,-0.5168812,0.1174945,0.7354586
Head:-0.1296642,1.559033,-0.2350629|0.1327213,0.07784405,-0.0028994,0.9880875
Left:-0.3143833,1.392017,-0.1684659|-0.6140386,0.3698138,0.4371361,0.543237
Right:-0.0188309,1.512987,0.2695029|-0.4302243,-0.5131183,0.1030936,0.7355191
Head:-0.1262378,1.561205,-0.2394894|0.1321574,0.08310131,-0.0037016,0.9877322
Left:-0.308527,1.395799,-0.1652027|-0.6082856,0.3801949,0.4397261,0.5404456
Right:-0.01428246,1.514521,0.2546115|-0.4376739,-0.5084552,0.08638543,0.7365137
Head:-0.1227898,1.563245,-0.2437282|0.1317197,0.08814403,-0.004790346,0.9873488
Left:-0.3028131,1.399645,-0.1622901|-0.6031446,0.3908983,0.4419136,0.5367751
Right:-0.00968492,1.516058,0.239733|-0.4442026,-0.5039003,0.06986603,0.7374871
Head:-0.1194888,1.565038,-0.2480645|0.1311277,0.09275227,-0.006101192,0.9869981
Left:-0.2970324,1.403203,-0.1599987|-0.5975782,0.4027477,0.4452414,0.5314647
Right:-0.005282879,1.517478,0.2240977|-0.4487409,-0.5004317,0.05292103,0.7385114
Head:-0.1161252,1.56694,-0.2523072|0.1311921,0.09693904,-0.007936846,0.9865741
Left:-0.2913604,1.407085,-0.1575916|-0.5932732,0.4136406,0.4471636,0.5262824
Right:-0.0009803772,1.518896,0.2083595|-0.4520043,-0.4984484,0.03729822,0.7388167
Head:-0.1127563,1.568783,-0.2564023|0.1312271,0.1010634,-0.009280036,0.9861438
Left:-0.2852852,1.410834,-0.1556671|-0.5896412,0.4246107,0.4490024,0.520025
Right:0.003547311,1.520061,0.1918457|-0.4562364,-0.4974363,0.02302846,0.737479
Head:-0.1127563,1.568783,-0.2564023|0.1312271,0.1010634,-0.009280036,0.9861438
Left:-0.2852852,1.410834,-0.1556671|-0.5896412,0.4246107,0.4490024,0.520025
Right:0.003547311,1.520061,0.1918457|-0.4562364,-0.4974363,0.02302846,0.737479
Head:-0.1093254,1.570608,-0.2605428|0.1310046,0.1048645,-0.01047267,0.9857644
Left:-0.2793791,1.414517,-0.153616|-0.5855458,0.4353034,0.4509159,0.5141225
Right:0.008053184,1.521119,0.1753606|-0.4613269,-0.4957502,0.01028728,0.7357333
Head:-0.1061376,1.572476,-0.2645283|0.131022,0.1081477,-0.01128483,0.9853984
Left:-0.2732797,1.41818,-0.1519132|-0.5812339,0.4455493,0.4530159,0.5083598
Right:0.01235521,1.522032,0.1585339|-0.4661432,-0.4940623,0.0009803697,0.7339019
Head:-0.1027836,1.57431,-0.2683667|0.1307448,0.1108846,-0.01192206,0.9851235
Left:-0.2673453,1.421968,-0.1502619|-0.5764599,0.4554294,0.4547005,0.5035132
Right:0.01711917,1.522586,0.1416047|-0.4704001,-0.4906219,-0.006670448,0.7334639
Head:-0.09959539,1.576058,-0.2720774|0.1304494,0.1131663,-0.01228984,0.9848986
Left:-0.2609551,1.42541,-0.1486703|-0.5707545,0.4655454,0.4559454,0.4996205
Right:0.02144861,1.52278,0.1248049|-0.4735796,-0.4870771,-0.01583295,0.7336399
Head:-0.09644638,1.577591,-0.2755973|0.130004,0.115077,-0.01301755,0.9847267
Left:-0.254753,1.428782,-0.1468388|-0.5650611,0.4756506,0.456517,0.496039
Right:0.02602863,1.523361,0.1079105|-0.4770095,-0.4827536,-0.02656523,0.7339653
Head:-0.09352171,1.57888,-0.2791474|0.1293379,0.1167984,-0.01314577,0.9846101
Left:-0.2482426,1.432089,-0.145389|-0.5600718,0.4858884,0.4555138,0.4926857
Right:0.03098619,1.523801,0.09100091|-0.4815219,-0.4784323,-0.03920016,0.733282
Head:-0.09051959,1.580173,-0.2824681|0.1292027,0.1180304,-0.01337543,0.9844779
Left:-0.242054,1.435175,-0.1440586|-0.5553159,0.4962265,0.4539154,0.4892283
Right:0.03548813,1.524006,0.07427454|-0.4862634,-0.4738994,-0.05295566,0.7322315
Head:-0.08746634,1.581224,-0.2856964|0.1293254,0.1195699,-0.01366229,0.984272
Left:-0.2360288,1.438398,-0.142198|-0.5502856,0.5061633,0.4530548,0.485516
Right:0.04007447,1.524623,0.05673003|-0.4908752,-0.4691985,-0.06467216,0.73124
Head:-0.08437133,1.582246,-0.2890615|0.1291898,0.1209255,-0.01380189,0.9841222
Left:-0.2290555,1.441318,-0.1415316|-0.5465699,0.5160347,0.4503298,0.4818429
Right:0.0452801,1.524791,0.03889346|-0.4938772,-0.4665396,-0.07447255,0.7299863
Head:-0.08136645,1.583075,-0.2921521|0.1292236,0.1221409,-0.0141324,0.983963
Left:-0.2228487,1.444141,-0.1404182|-0.5421456,0.5249631,0.4498525,0.4776239
Right:0.04950285,1.524447,0.021276|-0.4963432,-0.4640739,-0.08190454,0.7290888
Head:-0.07826775,1.583654,-0.295121|0.1295438,0.1236077,-0.0150352,0.9837244
Left:-0.2167118,1.446942,-0.1388668|-0.5374775,0.5328984,0.4505495,0.4734368
Right:0.05338717,1.524031,0.004210949|-0.4977658,-0.4638811,-0.08467854,0.7279239
Head:-0.07523012,1.584223,-0.2981468|0.1305289,0.1248731,-0.01622963,0.9834152
Left:-0.2100673,1.449783,-0.1379091|-0.5323845,0.5407143,0.4512975,0.4696012
Right:0.05764151,1.523234,-0.01342857|-0.4989527,-0.4639222,-0.08434661,0.7271231
Head:-0.07230249,1.584589,-0.3009889|0.1321355,0.1260917,-0.01732785,0.9830264
Left:-0.2036307,1.452452,-0.1366131|-0.5262252,0.5471859,0.4537284,0.4666961
Right:0.06112945,1.521877,-0.03083539|-0.4995218,-0.4613886,-0.08378124,0.7284087
Head:-0.069071,1.584711,-0.303606|0.1339985,0.1272959,-0.0186211,0.9825953
Left:-0.197433,1.455073,-0.1348922|-0.5205507,0.5540401,0.4546902,0.4640296
Right:0.06535923,1.521132,-0.04691005|-0.5009265,-0.4561749,-0.08695456,0.7303534
Head:-0.0663806,1.584595,-0.3064196|0.1354643,0.1282817,-0.0192547,0.9822538
Left:-0.1907079,1.457657,-0.1340389|-0.5149135,0.5603827,0.4549668,0.462429
Right:0.07012963,1.52041,-0.06329942|-0.5038025,-0.450449,-0.0922529,0.7312784
Head:-0.0635938,1.584512,-0.3091154|0.1371186,0.1288417,-0.0202189,0.9819316
Left:-0.184218,1.460057,-0.1334195|-0.5106933,0.5662974,0.4538972,0.4609523
Right:0.07539821,1.519485,-0.07877898|-0.5090228,-0.4418579,-0.1025504,0.7315332
Head:-0.06066057,1.58408,-0.3114572|0.1394757,0.1289508,-0.02137733,0.9815606
Left:-0.1778874,1.462405,-0.132381|-0.5074876,0.5721498,0.4523824,0.4587495
Right:0.08030772,1.518436,-0.094064|-0.5128646,-0.4344927,-0.1107025,0.732073
Head:-0.05810377,1.583511,-0.3139889|0.1416646,0.1282926,-0.0221568,0.9813161
Left:-0.1708143,1.464607,-0.1328566|-0.5057288,0.5784044,0.4494857,0.4556856
Right:0.08523762,1.517363,-0.1094983|-0.5163542,-0.425955,-0.1177631,0.7335343
Head:-0.05551741,1.582883,-0.3163995|0.1437786,0.127544,-0.02290383,0.9810891
Left:-0.1641848,1.466611,-0.1331891|-0.5035696,0.5852206,0.446492,0.4523046
Right:0.08972669,1.515095,-0.1220788|-0.5172921,-0.4177186,-0.1212414,0.737035
Head:-0.0526786,1.582029,-0.3184412|0.146158,0.1263701,-0.02364344,0.9808718
Left:-0.15797,1.468579,-0.1328963|-0.5003753,0.5918899,0.4435713,0.4500393
Right:0.09348011,1.512638,-0.1357392|-0.5173954,-0.4125649,-0.1227617,0.7396092
Head:-0.05016948,1.581162,-0.3206063|0.1477337,0.1248392,-0.02339245,0.9808378
Left:-0.1508967,1.470538,-0.1345631|-0.4956036,0.6001822,0.4388754,0.4489397
Right:0.09592295,1.509031,-0.1482742|-0.5134838,-0.4113295,-0.1184609,0.7437133
Head:-0.04759673,1.580493,-0.3224325|0.1485122,0.1236518,-0.02313305,0.9808768
Left:-0.1444513,1.472248,-0.1353825|-0.491216,0.6079341,0.4351434,0.4469599
Right:0.09715199,1.504938,-0.1601876|-0.5059062,-0.4134484,-0.1117927,0.7487468
Head:-0.04440154,1.579619,-0.3236392|0.1496871,0.1223661,-0.02405673,0.9808372
Left:-0.1384364,1.473804,-0.136084|-0.4880123,0.6157777,0.4305425,0.444179
Right:0.09768105,1.500847,-0.1706778|-0.4993229,-0.4167739,-0.1039136,0.7524481
Head:-0.0417276,1.578846,-0.3253003|0.1502075,0.1218678,-0.02631013,0.9807618
Left:-0.1320773,1.475469,-0.1383337|-0.4869374,0.6234559,0.4256268,0.4393592
Right:0.09920359,1.497579,-0.1822234|-0.4975021,-0.4176468,-0.09820073,0.7539359
Head:-0.03885514,1.578131,-0.3266275|0.1502406,0.1216043,-0.02805769,0.980741
Left:-0.1265872,1.477031,-0.1399912|-0.4869055,0.6301923,0.4215746,0.4336538
Right:0.1004566,1.494518,-0.1932656|-0.4978515,-0.4172832,-0.09244435,0.7546341
Head:-0.03584582,1.577298,-0.327616|0.1500615,0.1215139,-0.0290438,0.9807509
Left:-0.1226938,1.478819,-0.1416075|-0.4890164,0.6352215,0.4189086,0.4264648
Right:0.1015896,1.492468,-0.2028013|-0.5020925,-0.4150555,-0.08944266,0.7534136
Head:-0.03306758,1.576538,-0.3288928|0.1491826,0.1212651,-0.02991834,0.9808895
Left:-0.1177491,1.480333,-0.1441422|-0.4905747,0.6388189,0.4172424,0.4208986
Right:0.103353,1.490095,-0.2124112|-0.5036019,-0.4119244,-0.08945401,0.7541229
Head:-0.03032814,1.575786,-0.3299093|0.1484958,0.1216778,-0.03160704,0.9808897
Left:-0.1136117,1.481562,-0.1458589|-0.4905961,0.6409537,0.4181841,0.4166723
Right:0.1055566,1.488322,-0.2203588|-0.5059524,-0.4044732,-0.09403382,0.7560233
Head:-0.02753706,1.574994,-0.3308387|0.1490091,0.1222137,-0.03417543,0.9806591
Left:-0.1103152,1.482785,-0.1465509|-0.4893517,0.6420198,0.4209253,0.4137238
Right:0.1083453,1.487034,-0.2272487|-0.5071308,-0.3967371,-0.1019922,0.7582979
Head:-0.02517419,1.574133,-0.3320187|0.1497969,0.1237128,-0.03708276,0.9802454
Left:-0.1060628,1.483761,-0.1479034|-0.4856082,0.6438536,0.424684,0.4114374
Right:0.1105533,1.485278,-0.234326|-0.5087509,-0.390013,-0.1087028,0.7597671
Head:-0.02277701,1.573414,-0.3331125|0.1514892,0.1256476,-0.03991382,0.9796278
Left:-0.102402,1.48434,-0.1488613|-0.4811808,0.6453682,0.4282588,0.4105597
Right:0.1136131,1.484305,-0.2385619|-0.5120965,-0.3818258,-0.1185967,0.7601981
Head:-0.02053528,1.57281,-0.3343023|0.1534359,0.1274467,-0.04206076,0.9790024
Left:-0.09943426,1.484957,-0.149125|-0.4776437,0.6470152,0.4307922,0.409446
Right:0.1158944,1.483184,-0.2437953|-0.5144047,-0.3754089,-0.1244863,0.7608936
Head:-0.0184543,1.57234,-0.3353373|0.1555637,0.1295559,-0.04446816,0.9782831
Left:-0.09574842,1.485175,-0.1504152|-0.473119,0.6497955,0.4321834,0.4088298
Right:0.1182172,1.482113,-0.2473241|-0.5177627,-0.3689398,-0.1281244,0.7611763
Head:-0.01652334,1.57195,-0.3363127|0.157101,0.1318691,-0.04721576,0.9775994
Left:-0.0925169,1.485406,-0.1512507|-0.4708348,0.6521091,0.4318846,0.4080981
Right:0.1206141,1.481296,-0.2504562|-0.5219924,-0.3640357,-0.1291699,0.7604716
Head:-0.01466672,1.571661,-0.337287|0.158057,0.1341873,-0.04966607,0.9770082
Left:-0.09028244,1.485171,-0.1517195|-0.471266,0.6538214,0.4307514,0.4060532
Right:0.1222888,1.480821,-0.253548|-0.5265013,-0.3601467,-0.1277986,0.759446
Head:-0.01296375,1.571529,-0.3381379|0.1580318,0.1365701,-0.05095563,0.9766157
Left:-0.08756971,1.485198,-0.1538711|-0.4730462,0.6554093,0.4291303,0.4031292
Right:0.1237597,1.48035,-0.2560703|-0.5303167,-0.3572184,-0.1252924,0.7585915
Head:-0.01139829,1.571426,-0.3386425|0.1579344,0.1386832,-0.05114238,0.9763238
Left:-0.08536363,1.485329,-0.1550319|-0.4743161,0.6562452,0.4290367,0.4003673
Right:0.1247097,1.479626,-0.2591511|-0.5333413,-0.355696,-0.123481,0.7574826
Head:-0.01005218,1.571373,-0.3390794|0.1571865,0.1408667,-0.05049727,0.9761655
Left:-0.08453,1.485444,-0.1555284|-0.4758507,0.6557789,0.4303957,0.3978437
Right:0.1251451,1.47973,-0.2611979|-0.5349182,-0.3569008,-0.1213323,0.75615
Head:-0.008547813,1.571325,-0.3394243|0.1564552,0.1428395,-0.05045781,0.9759983
Left:-0.08275723,1.485607,-0.1567224|-0.4752176,0.6563673,0.4321154,0.3957607
Right:0.1253974,1.479946,-0.2631116|-0.5361554,-0.3588197,-0.1185739,0.754802
Head:-0.007253855,1.571123,-0.3398753|0.1557052,0.1445484,-0.04997018,0.9758917
Left:-0.08149517,1.485954,-0.1571919|-0.472693,0.6569651,0.4347931,0.3948583
Right:0.1255951,1.480208,-0.2650712|-0.5378038,-0.3607289,-0.1160628,0.7531077
Head:-0.006307092,1.57104,-0.3402697|0.1552434,0.1457521,-0.04891011,0.97584
Left:-0.0804162,1.486142,-0.1571802|-0.4707212,0.6573094,0.4370141,0.3941885
Right:0.1248325,1.481226,-0.2666049|-0.5378392,-0.3669834,-0.1142917,0.7503264
Head:-0.005224936,1.570852,-0.3405932|0.1550948,0.1463353,-0.0480894,0.9758171
Left:-0.07922673,1.486655,-0.1578469|-0.4684086,0.6578879,0.4385769,0.3942426
Right:0.1246912,1.481965,-0.2682652|-0.5380267,-0.3703549,-0.1142719,0.7485362
Head:-0.004284274,1.570569,-0.3409443|0.1547757,0.146468,-0.04760919,0.9758714
Left:-0.07844973,1.487274,-0.1580808|-0.4671515,0.6584173,0.4397345,0.3935604
Right:0.1244128,1.482918,-0.269564|-0.5381423,-0.3730276,-0.1143969,0.7471055
Head:-0.003576774,1.570321,-0.3412307|0.1547823,0.1459293,-0.0474248,0.97596
Left:-0.07789433,1.48755,-0.1578288|-0.4669626,0.6586546,0.4406224,0.3923925
Right:0.1242666,1.484477,-0.2700691|-0.5388018,-0.3738892,-0.1153692,0.7460492
Head:-0.002751108,1.570055,-0.341415|0.1547794,0.1453433,-0.04802679,0.9760185
Left:-0.07714963,1.488198,-0.1586118|-0.4678456,0.6585597,0.4400392,0.3921544
Right:0.1242963,1.485772,-0.2710286|-0.5406458,-0.3745489,-0.1148886,0.7444568
Head:-0.002122384,1.569654,-0.3416241|0.1548072,0.144254,-0.04898155,0.9761282
Left:-0.0766381,1.488836,-0.1589717|-0.46915,0.6582917,0.4387648,0.3924741
Right:0.1244211,1.487271,-0.2717192|-0.54343,-0.3749645,-0.1143873,0.7422944
Head:-0.001850456,1.56943,-0.3421435|0.1544838,0.1431976,-0.04971885,0.9762977
Left:-0.07666337,1.489565,-0.1592764|-0.4705802,0.6581769,0.4373434,0.3925408
Right:0.1245323,1.489043,-0.272442|-0.5458857,-0.376072,-0.1139021,0.7400033
Head:-0.00118202,1.569201,-0.3421626|0.1547415,0.1418095,-0.05118445,0.9763838
Left:-0.07606268,1.490213,-0.1603488|-0.4721524,0.6589527,0.4340358,0.3930221
Right:0.1247262,1.490271,-0.2730216|-0.547757,-0.377804,-0.1133199,0.7378244
Head:-0.000702586,1.568865,-0.3422979|0.1548795,0.1407008,-0.05234664,0.9764607
Left:-0.07571185,1.490915,-0.1610245|-0.4727479,0.6605497,0.4309028,0.3930728
Right:0.1247041,1.491262,-0.2733341|-0.5489191,-0.379749,-0.1117858,0.7361946
Head:-0.0004520528,1.568673,-0.3426281|0.1550799,0.1393918,-0.0539293,0.9765305
Left:-0.07593513,1.491623,-0.1614656|-0.4728126,0.662424,0.4282388,0.3927521
Right:0.1247385,1.492273,-0.273566|-0.54949,-0.3812126,-0.1098418,0.7353043
Head:-7.067248E-05,1.568444,-0.3427912|0.155432,0.1382286,-0.05571661,0.9765396
Left:-0.07546496,1.492428,-0.1626575|-0.4719528,0.6646352,0.4259324,0.3925584
Right:0.1248184,1.492862,-0.2736119|-0.549789,-0.3824534,-0.1077795,0.7347415
Head:0.0002549179,1.568271,-0.342934|0.155757,0.1372421,-0.05718023,0.9765423
Left:-0.07572436,1.493135,-0.1631588|-0.4712949,0.6660841,0.4245848,0.3923531
Right:0.1247135,1.493403,-0.2734399|-0.5498593,-0.383802,-0.1059078,0.7342576
Head:0.0006605498,1.568125,-0.3431684|0.1558656,0.136124,-0.05837084,0.976611
Left:-0.07549787,1.493777,-0.1636448|-0.4709406,0.6671618,0.4233788,0.3922506
Right:0.1248012,1.493523,-0.2732304|-0.5495818,-0.384747,-0.103898,0.734258
Head:0.001017965,1.568185,-0.3432658|0.1559254,0.1352554,-0.05942772,0.9766584
Left:-0.07525373,1.494555,-0.1646439|-0.4712383,0.6676183,0.4222308,0.3923538
Right:0.1249788,1.493565,-0.2730185|-0.5497909,-0.3854143,-0.10202,0.7340148
Head:0.001296353,1.568172,-0.343486|0.1556159,0.1346044,-0.06048539,0.9767327
Left:-0.07511544,1.495406,-0.1651078|-0.4718306,0.6677252,0.4216222,0.3921144
Right:0.1251626,1.493636,-0.2728878|-0.5501948,-0.3862252,-0.1006674,0.7334725
Head:0.001506135,1.568257,-0.3438358|0.1554114,0.1338655,-0.06123257,0.9768203
Left:-0.07557249,1.496078,-0.1654278|-0.4722327,0.6678687,0.4212629,0.391772
Right:0.1255975,1.493459,-0.2727574|-0.5508999,-0.3863091,-0.1014251,0.7327943
Head:0.001625158,1.568272,-0.3441586|0.1552432,0.1332711,-0.06170728,0.9768985
Left:-0.07537496,1.496633,-0.1660713|-0.4717499,0.6682751,0.420923,0.3920258
Right:0.1260781,1.493399,-0.2725319|-0.5512302,-0.3860833,-0.1028218,0.7324703
Head:0.001759861,1.568388,-0.3444369|0.1550537,0.132878,-0.06195135,0.9769667
Left:-0.07528138,1.4971,-0.1665274|-0.4712648,0.6685783,0.4205118,0.3925333
Right:0.1267598,1.493252,-0.2721703|-0.5515933,-0.3848906,-0.1059444,0.7323796
Head:0.001709364,1.568655,-0.3448068|0.1546498,0.1325349,-0.06183081,0.9770849
Left:-0.07569265,1.497457,-0.166597|-0.4710841,0.6686881,0.4199462,0.3931682
Right:0.1273837,1.493206,-0.2719725|-0.5522605,-0.3834423,-0.1085668,0.7322524
Head:0.001726836,1.568849,-0.3450674|0.1540685,0.1324024,-0.06157799,0.9772107
Left:-0.07544422,1.497615,-0.1671687|-0.4705932,0.6696993,0.4186394,0.3934285
Right:0.1279366,1.492963,-0.2718226|-0.5530633,-0.3825071,-0.1097395,0.7319608
Head:0.001811672,1.56903,-0.3453445|0.1533083,0.132177,-0.06138153,0.9773731
Left:-0.075248,1.497805,-0.1675785|-0.4701794,0.6706721,0.4172511,0.3937408
Right:0.1283009,1.492687,-0.2717074|-0.5535676,-0.3822179,-0.1102595,0.7316524
Head:0.001681428,1.569326,-0.3457778|0.1524325,0.1320168,-0.06070928,0.9775737
Left:-0.07536209,1.497795,-0.1678749|-0.4702319,0.6716412,0.4155022,0.3938757
Right:0.1282721,1.492361,-0.2718933|-0.5535793,-0.3831325,-0.1096875,0.7312511
Head:0.001802899,1.569575,-0.3459327|0.1517652,0.1318399,-0.0603839,0.9777215
Left:-0.07484412,1.497852,-0.1684986|-0.4701162,0.6723868,0.4140075,0.3943155
Right:0.1281953,1.491895,-0.2720808|-0.5533367,-0.3845955,-0.1089894,0.7307709
Head:0.001811933,1.5697,-0.3461901|0.1510993,0.1315289,-0.06011377,0.9778832
Left:-0.07492924,1.497782,-0.1686856|-0.4703218,0.6722596,0.4135256,0.3947923
Right:0.1279593,1.491465,-0.2720652|-0.5528994,-0.3857327,-0.1085494,0.730568
Head:0.001862466,1.569756,-0.3464468|0.1506507,0.1313404,-0.06017467,0.977974
Left:-0.07446182,1.497458,-0.1687078|-0.4704932,0.6717674,0.4137746,0.3951649
Right:0.1278334,1.490777,-0.2720865|-0.5520855,-0.3864576,-0.1070327,0.731024
Head:0.002039097,1.56992,-0.3465545|0.150371,0.1312628,-0.06066576,0.9779971
Left:-0.07420576,1.497358,-0.1690984|-0.4701665,0.6714299,0.4149531,0.3948915
Right:0.1275684,1.490348,-0.272161|-0.5516186,-0.3869859,-0.1049793,0.7313946
Head:0.002051674,1.569966,-0.3466964|0.1501685,0.1309371,-0.06088885,0.978058
Left:-0.07439291,1.497399,-0.1688993|-0.4699299,0.6709068,0.4161336,0.3948201
Right:0.1271397,1.489943,-0.2720227|-0.5512379,-0.3877518,-0.1035976,0.7314731
Head:0.002055805,1.569998,-0.346961|0.1499875,0.130739,-0.06110194,0.978099
Left:-0.07425857,1.497223,-0.1690242|-0.4695008,0.6707779,0.4175017,0.3941045
Right:0.1269146,1.489636,-0.2721789|-0.5510596,-0.388219,-0.1027223,0.731483
Head:0.002106596,1.569996,-0.3471421|0.1499158,0.1306423,-0.06140636,0.9781038
Left:-0.07402146,1.497075,-0.1694378|-0.4688129,0.6710077,0.4184797,0.3934945
Right:0.1269,1.48944,-0.2721688|-0.5512044,-0.3879258,-0.1026589,0.7315385
Head:0.002237789,1.569968,-0.347459|0.1495406,0.1308093,-0.06179967,0.9781142
Left:-0.07395768,1.496864,-0.1696528|-0.4678274,0.6714228,0.419227,0.3931637
Right:0.127333,1.489351,-0.2724837|-0.5520025,-0.387129,-0.1033972,0.7312547
Head:0.002184082,1.570073,-0.347693|0.1493495,0.1309647,-0.06195012,0.9781131
Left:-0.07394254,1.496557,-0.1699176|-0.4653133,0.6732536,0.41953,0.3926929
Right:0.127371,1.489375,-0.2727346|-0.552566,-0.3865194,-0.1039163,0.731078
Head:0.002116557,1.569998,-0.3479295|0.1491413,0.13119,-0.06203406,0.9781093
Left:-0.07369387,1.496296,-0.170572|-0.461262,0.6759012,0.4204325,0.3919587
Right:0.1277261,1.489374,-0.2728149|-0.5531456,-0.3857269,-0.1050594,0.7308948
