Head:0,0,0|0,0,0,1
Left:0.07097554,1.144181,-1.347412|-0.2814206,0.5455635,0.780332,0.1193519
Right:-0.4694912,1.07049,-1.391789|0.04213911,-0.7337649,-0.6770996,0.03673617
Head:0,0,0|0,0,0,1
Left:0.06894708,1.142582,-1.35011|-0.2916033,0.5498062,0.7747622,0.1114644
Right:-0.4695427,1.07058,-1.391759|0.04212224,-0.7337598,-0.6771089,0.03668611
Head:0,0,0|0,0,0,1
Left:0.06963062,1.141885,-1.350641|-0.2842016,0.5549272,0.7753031,0.1009474
Right:-0.4695024,1.070389,-1.391643|0.04214593,-0.7336679,-0.6771972,0.03686521
Head:0,0,0|0,0,0,1
Left:0.06889868,1.141817,-1.353086|-0.2801041,0.5664902,0.7704549,0.08384418
Right:-0.4695692,1.070351,-1.391667|0.04198289,-0.7337263,-0.6771371,0.03699282
Head:0,0,0|0,0,0,1
Left:0.06852376,1.141575,-1.35441|-0.2823047,0.5687822,0.7681209,0.08234753
Right:-0.4696345,1.070434,-1.391693|0.04181071,-0.7338463,-0.6770121,0.03709504
Head:0,0,0|0,0,0,1
Left:0.06829548,1.14133,-1.354961|-0.2874357,0.564731,0.7682396,0.09092628
Right:-0.4697087,1.070388,-1.391774|0.04174216,-0.73397,-0.6768774,0.03718258
Head:0,0,0|0,0,0,1
Left:0.06851125,1.1407,-1.353713|-0.2892064,0.5568528,0.7721195,0.1005294
Right:-0.4696758,1.07017,-1.391785|0.0418346,-0.7341579,-0.6766604,0.03732209
Head:0,0,0|0,0,0,1
Left:0.06895721,1.140602,-1.352566|-0.2882804,0.5516881,0.7754846,0.1056335
Right:-0.4697459,1.070197,-1.391869|0.04187942,-0.7343747,-0.6764325,0.03713401
Head:0,0,0|0,0,0,1
Left:0.06975055,1.139822,-1.3508|-0.2859763,0.5442146,0.7804775,0.1135915
Right:-0.4698274,1.070123,-1.391963|0.0420076,-0.7345924,-0.6761972,0.03697121
Head:0,0,0|0,0,0,1
Left:0.07062173,1.139557,-1.348573|-0.2857602,0.5379348,0.7837014,0.1215707
Right:-0.4696839,1.069988,-1.392045|0.04192933,-0.7347961,-0.6759835,0.03691774
Head:0,0,0|0,0,0,1
Left:0.07083535,1.139471,-1.348502|-0.2849069,0.5385489,0.783417,0.1226818
Right:-0.4697897,1.06992,-1.392089|0.04184406,-0.7348143,-0.6759629,0.03702805
Head:0,0,0|0,0,0,1
Left:0.07092142,1.139786,-1.349881|-0.283581,0.5456263,0.7797443,0.1177813
Right:-0.4698923,1.069845,-1.392131|0.04179128,-0.7348101,-0.6759719,0.03700998
Head:0,0,0|0,0,0,1
Left:0.07082915,1.140062,-1.351317|-0.2827078,0.5528712,0.775695,0.112725
Right:-0.4698625,1.069609,-1.392036|0.04157977,-0.7346933,-0.6761046,0.03714088
Head:0,0,0|0,0,0,1
Left:0.07115185,1.141035,-1.354101|-0.2804365,0.5653608,0.7685897,0.1048445
Right:-0.4700212,1.069597,-1.392058|0.04129891,-0.734669,-0.6761304,0.03746408
Head:0,0,0|0,0,0,1
Left:0.07116187,1.142314,-1.356641|-0.2773944,0.5758303,0.7624443,0.1007505
Right:-0.4701674,1.069498,-1.392132|0.04099507,-0.7347408,-0.6760556,0.0377395
Head:0,0,0|0,0,0,1
Left:0.07140923,1.14266,-1.358977|-0.2740666,0.5830547,0.7583156,0.09945965
Right:-0.4702001,1.069217,-1.392379|0.04088495,-0.7349881,-0.6757835,0.03791856
Head:0,0,0|0,0,0,1
Left:0.07262397,1.142639,-1.358809|-0.2657769,0.5851775,0.7593834,0.1013255
Right:-0.4703465,1.069072,-1.39252|0.04071848,-0.7352512,-0.6755005,0.03803815
Head:0,0,0|0,0,0,1
Left:0.07350731,1.142655,-1.358604|-0.25875,0.5860661,0.761157,0.101069
Right:-0.47035,1.068759,-1.392557|0.04043249,-0.7355486,-0.6751814,0.03825719
Head:0,0,0|0,0,0,1
Left:0.07446718,1.142323,-1.355996|-0.2446988,0.585998,0.7671578,0.09054178
Right:-0.470427,1.068799,-1.392643|0.04050528,-0.7358115,-0.6748967,0.03814614
Head:0,0,0|0,0,0,1
Left:0.0746603,1.142137,-1.355457|-0.2370278,0.5873802,0.7693023,0.08352395
Right:-0.4705389,1.068672,-1.39276|0.04069224,-0.7360494,-0.6746285,0.03810339
Head:0,0,0|0,0,0,1
Left:0.07469034,1.141728,-1.354898|-0.2336607,0.5869501,0.7711482,0.07888451
Right:-0.4706533,1.068537,-1.392868|0.04076714,-0.7362462,-0.6744065,0.03815
Head:0,0,0|0,0,0,1
Left:0.07466447,1.141204,-1.353751|-0.2295205,0.5878199,0.7723348,0.07271221
Right:-0.4706213,1.068255,-1.392804|0.0407089,-0.7363144,-0.6743289,0.03826944
Head:0,0,0|0,0,0,1
Left:0.07427835,1.140845,-1.353532|-0.228829,0.5881075,0.7728015,0.06741451
Right:-0.4706352,1.068365,-1.392788|0.04032094,-0.7363928,-0.6742642,0.03831139
Head:0,0,0|0,0,0,1
Left:0.07350492,1.140508,-1.353693|-0.2341582,0.586618,0.7723572,0.06718421
Right:-0.4706912,1.068314,-1.392794|0.0400097,-0.7363507,-0.6743267,0.03834597
Head:0,0,0|0,0,0,1
Left:0.07223988,1.139797,-1.354256|-0.239544,0.5862202,0.7711401,0.06563164
Right:-0.4705622,1.068128,-1.392796|0.03966733,-0.7363278,-0.6743648,0.03847217
Head:0,0,0|0,0,0,1
Left:0.07133818,1.139576,-1.354674|-0.2428209,0.5869299,0.7697424,0.06362335
Right:-0.4707465,1.068195,-1.392819|0.03945358,-0.7363311,-0.6743687,0.03855864
Head:0,0,0|0,0,0,1
Left:0.07029712,1.139637,-1.355864|-0.2470737,0.5891496,0.7668528,0.0615966
Right:-0.4708383,1.068174,-1.392818|0.0393608,-0.7363282,-0.6743695,0.03869613
Head:0,0,0|0,0,0,1
Left:0.06969476,1.139737,-1.356967|-0.2469349,0.5928499,0.7644099,0.05683012
Right:-0.4707811,1.068162,-1.392834|0.03929422,-0.7364681,-0.6742162,0.03877102
Head:0,0,0|0,0,0,1
Left:0.07005191,1.139765,-1.357323|-0.2433328,0.5954852,0.7637185,0.05404277
Right:-0.4707911,1.06816,-1.392812|0.03915506,-0.7364969,-0.6741974,0.03869189
Head:0,0,0|0,0,0,1
Left:0.06988478,1.139879,-1.357499|-0.2425767,0.595722,0.7637465,0.05443508
Right:-0.4706523,1.068016,-1.392806|0.03916872,-0.7365388,-0.6741562,0.03859708
Head:0,0,0|0,0,0,1
Left:0.06990027,1.139823,-1.357438|-0.2427509,0.5949925,0.7641118,0.0564726
Right:-0.4707825,1.068044,-1.392855|0.03924041,-0.7366962,-0.6739997,0.03825364
Head:0,0,0|0,0,0,1
Left:0.07015848,1.139746,-1.356775|-0.2410638,0.5925046,0.7663621,0.05929389
Right:-0.4707992,1.06806,-1.392833|0.0392114,-0.7367728,-0.6739352,0.03794284
Head:0,0,0|0,0,0,1
Left:0.07043862,1.139371,-1.356388|-0.2396316,0.5913904,0.7675585,0.06073051
Right:-0.4707828,1.068088,-1.392805|0.03893198,-0.7367846,-0.6739511,0.03771698
Head:0,0,0|0,0,0,1
Left:0.07073307,1.139223,-1.35571|-0.2384105,0.589579,0.7692395,0.06186797
Right:-0.4705756,1.068175,-1.39263|0.03856825,-0.7366118,-0.6741705,0.03754587
Head:0,0,0|0,0,0,1
Left:0.0711447,1.139378,-1.355307|-0.2386738,0.5882406,0.7701141,0.06270655
Right:-0.4705801,1.068227,-1.392535|0.03816931,-0.7364814,-0.6743335,0.03758604
Head:0,0,0|0,0,0,1
Left:0.0712142,1.139052,-1.355188|-0.2399571,0.5872203,0.7704735,0.0629574
Right:-0.4702876,1.068117,-1.392531|0.03776908,-0.736332,-0.6745232,0.03751175
Head:0,0,0|0,0,0,1
Left:0.07100141,1.138848,-1.355408|-0.241826,0.586916,0.7701952,0.06204145
Right:-0.470372,1.068279,-1.392431|0.03723067,-0.7360375,-0.6748831,0.03735729
Head:0,0,0|0,0,0,1
Left:0.07061374,1.138819,-1.355752|-0.2436597,0.5874743,0.7693201,0.06041975
Right:-0.4703271,1.068361,-1.39228|0.03656197,-0.7356985,-0.6752972,0.0372101
Head:0,0,0|0,0,0,1
Left:0.07050264,1.138782,-1.356293|-0.2445873,0.5886096,0.7682961,0.05862515
Right:-0.4700661,1.068248,-1.392187|0.03610607,-0.7355025,-0.6755573,0.03680731
Head:0,0,0|0,0,0,1
Left:0.0701437,1.138446,-1.356841|-0.2453817,0.5899117,0.76719,0.05667067
Right:-0.4701741,1.068381,-1.392156|0.03567274,-0.735356,-0.6757605,0.03642546
Head:0,0,0|0,0,0,1
Left:0.07015419,1.138453,-1.357228|-0.2448465,0.5913265,0.7664064,0.05481181
Right:-0.4701798,1.068441,-1.392093|0.03511026,-0.735234,-0.6759154,0.036561
Head:0,0,0|0,0,0,1
Left:0.07010913,1.138526,-1.357484|-0.2446094,0.5919493,0.7660457,0.0541863
Right:-0.4699461,1.068296,-1.392052|0.03475919,-0.7351563,-0.6760241,0.03644795
Head:0,0,0|0,0,0,1
Left:0.0704931,1.138574,-1.357426|-0.2440205,0.5917093,0.7663022,0.05581364
Right:-0.4700046,1.068334,-1.392054|0.03458392,-0.7351176,-0.6760846,0.03627247
Head:0,0,0|0,0,0,1
Left:0.07049394,1.138532,-1.357303|-0.244084,0.5908366,0.7668145,0.05771164
Right:-0.4700651,1.068632,-1.391968|0.03421272,-0.7349207,-0.6763213,0.03620005
Head:0,0,0|0,0,0,1
Left:0.07074809,1.138244,-1.357041|-0.2437677,0.5902467,0.7672815,0.05886514
Right:-0.4699767,1.068529,-1.391871|0.03383853,-0.7347606,-0.676501,0.03644433
Head:0,0,0|0,0,0,1
Left:0.07116377,1.138294,-1.35692|-0.2432394,0.5900816,0.7675506,0.05919844
Right:-0.470052,1.068767,-1.391831|0.03352767,-0.7346689,-0.6766207,0.0363607
Head:0,0,0|0,0,0,1
Left:0.07128417,1.13819,-1.357106|-0.2430191,0.5904043,0.7674113,0.05868885
Right:-0.4700947,1.068838,-1.391837|0.03327997,-0.7345992,-0.6767134,0.03626888
Head:0,0,0|0,0,0,1
Left:0.0714426,1.138065,-1.357609|-0.2429803,0.5911483,0.7668986,0.05805871
Right:-0.4701564,1.068921,-1.391882|0.03310289,-0.7345618,-0.6767659,0.03620944
Head:0,0,0|0,0,0,1
Left:0.07146847,1.137839,-1.358137|-0.2433631,0.5920216,0.766146,0.05749045
Right:-0.4701116,1.068996,-1.392092|0.03298847,-0.7346087,-0.6767266,0.03609681
Head:0,0,0|0,0,0,1
Left:0.07140255,1.13778,-1.359043|-0.2449617,0.5935552,0.7644427,0.0575624
Right:-0.4701366,1.069164,-1.392233|0.03307757,-0.7346117,-0.6767358,0.03578066
Head:0,0,0|0,0,0,1
Left:0.07159996,1.137616,-1.359846|-0.2455646,0.5950499,0.763065,0.05783956
Right:-0.4701209,1.069347,-1.392414|0.03314392,-0.7346727,-0.6766805,0.03551127
Head:0,0,0|0,0,0,1
Left:0.07179832,1.137544,-1.360858|-0.2458075,0.5973452,0.7612014,0.05770412
Right:-0.4700539,1.069655,-1.392417|0.0337406,-0.7345356,-0.6768136,0.03524797
Head:0,0,0|0,0,0,1
Left:0.0721972,1.137526,-1.362321|-0.2452869,0.6002993,0.759057,0.05751216
Right:-0.4698951,1.070093,-1.392728|0.03429766,-0.7344673,-0.6768745,0.03496284
Head:0,0,0|0,0,0,1
Left:0.07254899,1.137359,-1.363662|-0.2439191,0.6034268,0.7570471,0.05709062
Right:-0.4694016,1.070433,-1.392993|0.03506197,-0.7342302,-0.6771088,0.03464653
Head:0,0,0|0,0,0,1
Left:0.07301092,1.137503,-1.365483|-0.2407518,0.6080928,0.7544259,0.05570708
Right:-0.4689336,1.071157,-1.393447|0.03573084,-0.7339236,-0.6774153,0.03446852
Head:0,0,0|0,0,0,1
Left:0.07328033,1.137668,-1.367801|-0.2364061,0.6137354,0.7513216,0.05437756
Right:-0.4684119,1.072129,-1.393857|0.03580221,-0.7335258,-0.6778373,0.03456552
Head:0,0,0|0,0,0,1
Left:0.07355809,1.138082,-1.370867|-0.2307864,0.6210102,0.7471807,0.05296149
Right:-0.4670248,1.073021,-1.394314|0.035207,-0.7329,-0.6785391,0.0346818
Head:0,0,0|0,0,0,1
Left:0.07404006,1.138444,-1.373819|-0.2249637,0.6289198,0.742459,0.05104807
Right:-0.4654741,1.074546,-1.394842|0.03438474,-0.7322787,-0.6792787,0.03414752
Head:0,0,0|0,0,0,1
Left:0.07471251,1.138808,-1.378133|-0.2155345,0.6402915,0.7356988,0.04815608
Right:-0.4637945,1.076025,-1.395358|0.03374118,-0.7315487,-0.6801442,0.03319791
Head:0,0,0|0,0,0,1
Left:0.07512879,1.139354,-1.383485|-0.2024731,0.6546235,0.7269634,0.04468736
Right:-0.4609244,1.077721,-1.395696|0.03246345,-0.7303943,-0.6815357,0.03129661
Head:0,0,0|0,0,0,1
Left:0.07565093,1.139764,-1.389551|-0.1851085,0.6718217,0.7160534,0.04072088
Right:-0.4575498,1.079962,-1.395958|0.03031076,-0.7286716,-0.6836188,0.0280061
Head:0,0,0|0,0,0,1
Left:0.07653844,1.139991,-1.396441|-0.162186,0.6906435,0.7038146,0.03677206
Right:-0.4533994,1.082641,-1.395992|0.02703444,-0.7265049,-0.6862046,0.02414733
Head:0,0,0|0,0,0,1
Left:0.07693899,1.14004,-1.403523|-0.1384369,0.7082113,0.6915113,0.03292558
Right:-0.4488947,1.084845,-1.395846|0.02378771,-0.7242603,-0.6888186,0.02025121
Head:0,0,0|0,0,0,1
Left:0.07746744,1.139561,-1.41145|-0.1061555,0.728286,0.6763813,0.02896411
Right:-0.4422386,1.088253,-1.395332|0.01818115,-0.7212855,-0.6922668,0.01354314
Head:0,0,0|0,0,0,1
Left:0.07755315,1.138296,-1.41993|-0.0729281,0.7466477,0.6607293,0.02520833
Right:-0.4360507,1.090889,-1.394935|0.01300926,-0.7184395,-0.6954262,0.007608064
Head:0,0,0|0,0,0,1
Left:0.07665348,1.136046,-1.429121|-0.03986764,0.7645257,0.6429875,0.02186771
Right:-0.4279411,1.093637,-1.394014|-0.007118483,0.7145345,0.6995621,0.001662158
Head:0,0,0|0,0,0,1
Left:0.07435489,1.133303,-1.438613|-0.010417,0.7817832,0.6231853,0.01861712
Right:-0.4183438,1.095805,-1.392572|-0.003152593,0.7103162,0.7037343,0.01410375
Head:0,0,0|0,0,0,1
Left:0.07047701,1.129777,-1.448465|0.01480728,0.7976941,0.6027235,0.01375554
Right:-0.4085491,1.098082,-1.391043|-0.0008763681,0.7060626,0.7075652,0.02874761
Head:0,0,0|0,0,0,1
Left:0.06484926,1.125608,-1.457935|0.03605106,0.8121755,0.5822632,0.006394434
Right:-0.3983641,1.099641,-1.389265|0.0012781,0.7020168,0.7108666,0.04288933
Head:0,0,0|0,0,0,1
Left:0.0582335,1.120963,-1.467439|-0.05554648,-0.8255364,-0.5616054,0.00192817
Right:-0.3860223,1.100876,-1.387213|0.002392469,0.6981552,0.7132586,0.0619338
Head:0,0,0|0,0,0,1
Left:0.04851985,1.116003,-1.476174|-0.06843111,-0.8368896,-0.5428675,0.01509309
Right:-0.3749125,1.102119,-1.38537|0.004008912,0.6943724,0.7153213,0.07839932
Head:0,0,0|0,0,0,1
Left:0.03894937,1.110996,-1.483989|-0.08125318,-0.8467888,-0.5248632,0.02941616
Right:-0.3618343,1.102151,-1.383124|0.0056344,0.6907917,0.7164238,0.09752979
Head:0,0,0|0,0,0,1
Left:0.02582896,1.10501,-1.491332|-0.08713598,-0.8550445,-0.5087986,0.04929646
Right:-0.3481684,1.101105,-1.380768|0.008934721,0.6870422,0.7168319,0.118513
Head:0,0,0|0,0,0,1
Left:0.01187015,1.099465,-1.496781|-0.09275521,-0.8599483,-0.4966898,0.072004
Right:-0.3354299,1.100701,-1.378264|0.01245457,0.6829366,0.7170986,0.1386077
Head:0,0,0|0,0,0,1
Left:-0.002676487,1.094298,-1.500204|-0.09777877,-0.8615761,-0.4882402,0.09872863
Right:-0.3212039,1.098917,-1.375293|0.01797816,0.6785747,0.7160941,0.1625499
Head:0,0,0|0,0,0,1
Left:-0.01755178,1.088219,-1.503535|-0.101781,-0.8621661,-0.4802697,0.1251051
Right:-0.3064566,1.09576,-1.372026|0.02537813,0.6737276,0.7143084,0.1876448
Head:0,0,0|0,0,0,1
Left:-0.03237247,1.082238,-1.505931|-0.104845,-0.8616832,-0.473042,0.1508004
Right:-0.298661,1.096853,-1.369216|0.03310328,0.668442,0.7116242,0.2137298
Head:0,0,0|0,0,0,1
Left:-0.04690766,1.076666,-1.507717|-0.1082382,-0.8609808,-0.4648272,0.1758757
Right:-0.283931,1.091922,-1.365092|0.04126271,0.6628473,0.7078798,0.2404931
Head:0,0,0|0,0,0,1
Left:-0.06124997,1.069736,-1.508901|-0.105476,-0.8598283,-0.4586469,0.1980229
Right:-0.2707238,1.086913,-1.361149|0.05169955,0.6563261,0.7042776,0.2656243
Head:0,0,0|0,0,0,1
Left:-0.07432318,1.063247,-1.511485|-0.1045811,-0.8597875,-0.4498873,0.2177836
Right:-0.257973,1.081936,-1.356813|0.06112115,0.6496215,0.7003666,0.2893834
Head:0,0,0|0,0,0,1
Left:-0.08686018,1.056033,-1.512692|-0.1027815,-0.8613331,-0.4395799,0.2330469
Right:-0.2457334,1.076226,-1.352381|0.07159853,0.642812,0.6963212,0.3111322
Head:0,0,0|0,0,0,1
Left:-0.0989418,1.048783,-1.514962|-0.1019465,-0.8641459,-0.4269139,0.2461774
Right:-0.2348219,1.070188,-1.348199|0.08072301,0.6371331,0.691363,0.3310021
Head:0,0,0|0,0,0,1
Left:-0.1082911,1.040904,-1.518794|-0.09854054,-0.8709051,-0.4099905,0.2524319
Right:-0.2244856,1.064607,-1.343861|0.08745374,0.6316254,0.685998,0.3504398
Head:0,0,0|0,0,0,1
Left:-0.1186585,1.033534,-1.52117|-0.09551446,-0.8753806,-0.3953351,0.2613352
Right:-0.21611,1.059376,-1.339683|0.08905949,0.6280652,0.6800837,0.3675442
Head:0,0,0|0,0,0,1
Left:-0.1279542,1.026168,-1.52319|-0.09179614,-0.8797254,-0.3815784,0.26843
Right:-0.2092314,1.054023,-1.335854|0.08617751,0.6263013,0.6730353,0.3838535
Head:0,0,0|0,0,0,1
Left:-0.1347971,1.019421,-1.525123|-0.09247299,-0.8822767,-0.3691079,0.2771209
Right:-0.2038066,1.049343,-1.33202|0.08021174,0.6258056,0.6656597,0.3985356
Head:0,0,0|0,0,0,1
Left:-0.141515,1.013719,-1.525519|-0.09863787,-0.8830429,-0.3576279,0.2874165
Right:-0.1982286,1.044858,-1.328273|0.0751472,0.6247347,0.657986,0.413659
Head:0,0,0|0,0,0,1
Left:-0.1472036,1.008477,-1.525819|-0.1051098,-0.8830438,-0.3474842,0.2973891
Right:-0.1955736,1.040275,-1.325461|0.06697145,0.6270398,0.6485757,0.4262458
Head:0,0,0|0,0,0,1
Left:-0.152667,1.003334,-1.527073|-0.1086658,-0.8834129,-0.3371637,0.3067477
Right:-0.1918749,1.036114,-1.322637|0.06331894,0.6268548,0.6396437,0.4403405
Head:0,0,0|0,0,0,1
Left:-0.152667,1.003334,-1.527073|-0.1086658,-0.8834129,-0.3371637,0.3067477
Right:-0.1918749,1.036114,-1.322637|0.06331894,0.6268548,0.6396437,0.4403405
Head:0,0,0|0,0,0,1
Left:-0.1570454,0.9986274,-1.526279|-0.1114526,-0.8834917,-0.3285731,0.3147387
Right:-0.1895063,1.031155,-1.319982|0.0629017,0.6260892,0.6317515,0.4527094
Head:0,0,0|0,0,0,1
Left:-0.1604724,0.9943999,-1.525988|-0.1126085,-0.8840818,-0.3197149,0.3217158
Right:-0.187768,1.026161,-1.317458|0.06735093,0.6236203,0.6265156,0.4626444
Head:0,0,0|0,0,0,1
Left:-0.1637182,0.98981,-1.526327|-0.1142939,-0.8847175,-0.3097799,0.3290114
Right:-0.1869897,1.021337,-1.315406|0.07416121,0.620155,0.6227188,0.4713058
Head:0,0,0|0,0,0,1
Left:-0.1658827,0.9856519,-1.524991|-0.1166595,-0.8855904,-0.3000965,0.3347571
Right:-0.1872628,1.016495,-1.312796|0.08309804,0.615989,0.6199585,0.4788567
Head:0,0,0|0,0,0,1
Left:-0.1671126,0.9822999,-1.524658|-0.1198669,-0.8866766,-0.2903502,0.3393131
Right:-0.1874347,1.012135,-1.310999|0.09013356,0.6118321,0.6165434,0.4872492
Head:0,0,0|0,0,0,1
Left:-0.1671002,0.9797161,-1.524305|-0.1232452,-0.8876243,-0.2819225,0.3427148
Right:-0.1891255,1.008529,-1.310481|0.09728748,0.6075225,0.6143039,0.4940467
Head:0,0,0|0,0,0,1
Left:-0.1662617,0.9777889,-1.523041|-0.1280084,-0.8882664,-0.2744853,0.3453324
Right:-0.1926843,1.006521,-1.310148|0.101486,0.6054373,0.6126335,0.4978218
Head:0,0,0|0,0,0,1
Left:-0.1644232,0.9771957,-1.522101|-0.1338181,-0.8883892,-0.2684135,0.3475796
Right:-0.1973164,1.006503,-1.311526|0.1003535,0.6067465,0.6105891,0.4989678
Head:0,0,0|0,0,0,1
Left:-0.1848905,0.9981263,-1.534813|-0.124216,-0.8895653,-0.2558245,0.357488
Right:-0.2019446,1.006748,-1.313112|0.09726299,0.609694,0.607706,0.4995063
Head:0,0,0|0,0,0,1
Left:-0.1824613,0.9990731,-1.529349|-0.1308073,-0.8883924,-0.2569076,0.3572771
Right:-0.2079296,1.008016,-1.315139|0.09377281,0.6147411,0.6066425,0.4952626
Head:0,0,0|0,0,0,1
Left:-0.1803062,1.001282,-1.529452|-0.1407201,-0.8869414,-0.2576135,0.3566063
Right:-0.2182386,1.013099,-1.320826|0.08389471,0.6272846,0.6089319,0.4782025
Head:0,0,0|0,0,0,1
Left:-0.1678855,1.002365,-1.530564|-0.1558305,-0.8841456,-0.260468,0.3551899
Right:-0.2281476,1.018676,-1.326626|0.07644,0.6383283,0.6083935,0.4653507
Head:0,0,0|0,0,0,1
Left:-0.162245,1.005357,-1.525553|-0.1690015,-0.8814673,-0.2643619,0.3529402
Right:-0.237457,1.023025,-1.331381|0.06946421,0.6482269,0.6070588,0.4543748
Head:0,0,0|0,0,0,1
Left:-0.1554124,1.012101,-1.524935|-0.1855928,-0.8780246,-0.2700951,0.348822
Right:-0.2490134,1.028815,-1.337871|0.06203599,0.65912,0.6071776,0.439372
Head:0,0,0|0,0,0,1
Left:-0.1406417,1.016602,-1.525148|-0.2036096,-0.8736508,-0.27863,0.342991
Right:-0.2615643,1.035531,-1.344252|0.05697791,0.6676248,0.6109778,0.4215885
Head:0,0,0|0,0,0,1
Left:-0.1304965,1.023891,-1.521781|-0.218321,-0.8698251,-0.289389,0.3346556
Right:-0.2751572,1.042238,-1.34921|0.05201173,0.6747571,0.6168567,0.4018525
Head:0,0,0|0,0,0,1
Left:-0.11998,1.033277,-1.521107|-0.2332301,-0.8659742,-0.3000554,0.3250525
Right:-0.2897806,1.049382,-1.355109|0.04430387,0.6821146,0.6225981,0.3809572
Head:0,0,0|0,0,0,1
Left:-0.09793985,1.033894,-1.516241|-0.2527466,-0.860276,-0.3129563,0.3132135
Right:-0.3050098,1.057031,-1.360908|0.03477569,0.6899851,0.6279657,0.3582881
Head:0,0,0|0,0,0,1
Left:-0.08289528,1.045855,-1.51509|-0.2698021,-0.854529,-0.3313943,0.295237
Right:-0.3208287,1.064359,-1.364888|0.02472715,0.6981732,0.6329094,0.3337191
Head:0,0,0|0,0,0,1
Left:-0.06799829,1.057047,-1.513009|-0.2855525,-0.8472496,-0.3501252,0.279357
Right:-0.338906,1.072638,-1.370405|0.0085643,0.7076792,0.6375918,0.304292
Head:0,0,0|0,0,0,1
Left:-0.04961753,1.068673,-1.509828|-0.3010658,-0.8372834,-0.3767643,0.2576132
Right:-0.3576653,1.081236,-1.375278|-0.01083593,0.715927,0.6420887,0.2739585
Head:0,0,0|0,0,0,1
Left:-0.0319252,1.080685,-1.506346|-0.3165416,-0.8256688,-0.4032305,0.2355371
Right:-0.3771548,1.089161,-1.378631|-0.0305805,0.722321,0.6465701,0.2434428
Head:0,0,0|0,0,0,1
Left:-0.008613586,1.095466,-1.499413|-0.3389968,-0.8053288,-0.4384656,0.2104155
Right:-0.3996007,1.097442,-1.381585|-0.06191749,0.7264381,0.6519004,0.2085179
Head:0,0,0|0,0,0,1
Left:0.01111734,1.10706,-1.493577|-0.3602176,-0.7862923,-0.4649421,0.1892527
Right:-0.4219294,1.104995,-1.383923|-0.09058037,0.7277994,0.6569914,0.1745442
Head:0,0,0|0,0,0,1
Left:0.03344989,1.116989,-1.486104|-0.3848965,-0.7631103,-0.4916533,0.1667163
Right:-0.4437845,1.110931,-1.384775|-0.1178261,0.7273343,0.661352,0.1404113
Head:0,0,0|0,0,0,1
Left:0.05535579,1.126693,-1.47867|-0.4073023,-0.7390757,-0.5163845,0.1456671
Right:-0.4672446,1.115737,-1.385887|-0.1517726,0.7242884,0.6644257,0.1044507
Head:0,0,0|0,0,0,1
Left:0.07767296,1.133753,-1.469018|-0.4279943,-0.7138653,-0.5409464,0.1208071
Right:-0.490056,1.119818,-1.38676|-0.1832233,0.7197787,0.6659621,0.06958681
Head:0,0,0|0,0,0,1
Left:0.09931636,1.140299,-1.460243|-0.4458836,-0.6884841,-0.5639935,0.09533484
Right:-0.5140636,1.122071,-1.385476|-0.2214132,0.7104283,0.6672547,0.03223465
Head:0,0,0|0,0,0,1
Left:0.1201236,1.144628,-1.450215|-0.4620176,-0.6612708,-0.5870946,0.06768048
Right:-0.5376043,1.12275,-1.385529|0.2571623,-0.7002918,-0.6659117,0.004550446
Head:0,0,0|0,0,0,1
Left:0.1418409,1.145815,-1.439695|-0.4757249,-0.634259,-0.608299,0.03706206
Right:-0.560431,1.121877,-1.384387|0.2927914,-0.6861535,-0.664555,0.04281892
Head:0,0,0|0,0,0,1
Left:0.1621972,1.147413,-1.430057|-0.4879307,-0.6072868,-0.6269692,0.006001342
Right:-0.5826113,1.119557,-1.382984|0.3259739,-0.6699353,-0.6619743,0.08196191
Head:0,0,0|0,0,0,1
Left:0.1813583,1.144928,-1.419693|0.4971325,0.5821874,0.6426623,0.03003711
Right:-0.6041386,1.114044,-1.38053|0.3592986,-0.6493162,-0.6583164,0.1261452
Head:0,0,0|0,0,0,1
Left:0.1983242,1.141894,-1.408756|0.502733,0.5588806,0.6561574,0.06610172
Right:-0.6238399,1.108304,-1.378488|0.3880691,-0.6292584,-0.6523157,0.1670942
Head:0,0,0|0,0,0,1
Left:0.2145858,1.138684,-1.399076|0.505161,0.5394559,0.6658991,0.1018729
Right:-0.6410758,1.100209,-1.375438|0.4107397,-0.6077335,-0.6466804,0.2091825
Head:0,0,0|0,0,0,1
Left:0.228476,1.135026,-1.388994|0.5078393,0.5181025,0.6748124,0.1352674
Right:-0.6572859,1.09223,-1.372778|0.4327767,-0.5861714,-0.638254,0.2484738
Head:0,0,0|0,0,0,1
Left:0.2423377,1.130696,-1.379258|0.5096557,0.4986091,0.6809986,0.166976
Right:-0.6701686,1.081946,-1.370012|0.4522344,-0.5644304,-0.6288095,0.2854837
Head:0,0,0|0,0,0,1
Left:0.253216,1.124728,-1.37165|0.5107296,0.4844214,0.6830416,0.1947961
Right:-0.68033,1.072749,-1.368488|0.4641781,-0.5476413,-0.6201926,0.31621
Head:0,0,0|0,0,0,1
Left:0.2641819,1.119121,-1.36297|0.513554,0.4646944,0.6864619,0.2215659
Right:-0.6889052,1.064407,-1.36681|0.4751526,-0.5323567,-0.6099048,0.3447352
Head:0,0,0|0,0,0,1
Left:0.2711669,1.113491,-1.355304|0.5176971,0.4455134,0.6886799,0.243367
Right:-0.6970568,1.056061,-1.366208|0.4837551,-0.5183145,-0.5988351,0.3724616
Head:0,0,0|0,0,0,1
Left:0.278419,1.107158,-1.349535|0.5238828,0.4250641,0.6908883,0.2598859
Right:-0.7011731,1.050168,-1.366339|0.4846872,-0.5136622,-0.5887043,0.3932641
Head:0,0,0|0,0,0,1
Left:0.2843645,1.101227,-1.343458|0.5295766,0.4049633,0.6934385,0.2733063
Right:-0.7044892,1.04544,-1.367752|0.48243,-0.5159538,-0.5785437,0.4078481
Head:0,0,0|0,0,0,1
Left:0.2890422,1.095961,-1.337607|0.533195,0.3855486,0.6958538,0.2878246
Right:-0.7062871,1.041777,-1.371143|0.4821561,-0.5206853,-0.5677203,0.4172601
Head:0,0,0|0,0,0,1
Left:0.2908964,1.091529,-1.334804|0.5339515,0.3725706,0.6992038,0.2952984
Right:-0.7063987,1.03944,-1.375731|0.4836812,-0.5287468,-0.5569565,0.4198556
Head:0,0,0|0,0,0,1
Left:0.2935529,1.087517,-1.330596|0.533914,0.3594488,0.7011786,0.3067264
Right:-0.7062466,1.036912,-1.378832|0.4868263,-0.5343733,-0.5463458,0.4230267
Head:0,0,0|0,0,0,1
Left:0.2934284,1.085838,-1.328812|0.5304896,0.3547988,0.7024751,0.3150036
Right:-0.7026436,1.036894,-1.384364|0.4908999,-0.5476959,-0.5382725,0.4114721
Head:0,0,0|0,0,0,1
Left:0.2918532,1.08583,-1.329597|0.5254548,0.3587215,0.7023084,0.3193418
Right:-0.6999781,1.036302,-1.389678|0.4930071,-0.5574067,-0.5297435,0.4069566
Head:0,0,0|0,0,0,1
Left:0.2925658,1.08387,-1.327761|0.5237731,0.3537112,0.7026536,0.3268455
Right:-0.6955316,1.036561,-1.394084|0.4921103,-0.5701119,-0.5233486,0.3986303
Head:0,0,0|0,0,0,1
Left:0.2896745,1.085464,-1.329597|0.5216558,0.3595092,0.7018718,0.325583
Right:-0.6904957,1.03691,-1.397816|0.4897929,-0.5826193,-0.5166436,0.3920932
Head:0,0,0|0,0,0,1
Left:0.2863138,1.087737,-1.333286|0.5195815,0.3681721,0.7012491,0.3205216
Right:-0.6834564,1.03927,-1.401225|0.4811413,-0.5992424,-0.5133279,0.3819766
Head:0,0,0|0,0,0,1
Left:0.2817423,1.090844,-1.337043|0.5163137,0.3804567,0.7002504,0.3135637
Right:-0.6737058,1.044379,-1.402991|0.4663183,-0.6157723,-0.5180097,0.3674747
Head:0,0,0|0,0,0,1
Left:0.275135,1.096272,-1.342913|0.5114294,0.3986886,0.6987684,0.3020104
Right:-0.6646569,1.047619,-1.404589|0.4549991,-0.6289111,-0.5223456,0.3529897
Head:0,0,0|0,0,0,1
Left:0.2695258,1.100279,-1.348373|0.5068551,0.4132786,0.6973689,0.2932157
Right:-0.6542957,1.053423,-1.404759|0.4388835,-0.6432486,-0.5315385,0.3332856
Head:0,0,0|0,0,0,1
Left:0.262418,1.104129,-1.354071|0.501309,0.4310594,0.6951501,0.2822115
Right:-0.6437149,1.058716,-1.405785|0.42358,-0.656898,-0.5389325,0.3140331
Head:0,0,0|0,0,0,1
Left:0.2518324,1.111277,-1.362028|0.4904249,0.4597679,0.6910873,0.2655094
Right:-0.630367,1.064544,-1.405665|0.4031976,-0.6719241,-0.5495502,0.2897316
Head:0,0,0|0,0,0,1
Left:0.240806,1.11822,-1.369629|0.4747982,0.4889886,0.6876251,0.2502572
Right:-0.6173151,1.071458,-1.405114|0.3819852,-0.6862509,-0.5607134,0.2621974
Head:0,0,0|0,0,0,1
Left:0.228483,1.123813,-1.377482|0.4575305,0.5178395,0.6840681,0.2335786
Right:-0.6026123,1.078542,-1.404729|0.3578935,-0.6996513,-0.573459,0.2313983
Head:0,0,0|0,0,0,1
Left:0.2131364,1.131329,-1.385809|0.4335265,0.5513019,0.6807954,0.2112785
Right:-0.5864105,1.083493,-1.404267|0.3321447,-0.712457,-0.5842211,0.2019174
Head:0,0,0|0,0,0,1
Left:0.1958978,1.138855,-1.394171|0.4038199,0.5870216,0.6770598,0.1841875
Right:-0.5695524,1.089941,-1.403125|0.2988057,-0.7249299,-0.5971896,0.1689865
Head:0,0,0|0,0,0,1
Left:0.1771867,1.144273,-1.403373|0.3722174,0.6213989,0.6716191,0.1557093
Right:-0.551492,1.095607,-1.401493|0.2593737,-0.7361634,-0.6102652,0.1355183
Head:0,0,0|0,0,0,1
Left:0.155921,1.149528,-1.411906|0.337381,0.6545961,0.6652611,0.1229051
Right:-0.5327713,1.100242,-1.399504|0.2168459,-0.7450591,-0.6225715,0.1013388
Head:0,0,0|0,0,0,1
Left:0.1305317,1.153375,-1.420636|0.2889837,0.6916548,0.6569167,0.08100928
Right:-0.5134356,1.103411,-1.396783|0.1701476,-0.7501901,-0.6354526,0.06681713
Head:0,0,0|0,0,0,1
Left:0.1050436,1.153309,-1.429447|0.2420907,0.7230855,0.6454573,0.04386684
Right:-0.4943268,1.10517,-1.393905|0.1233838,-0.7516587,-0.6470465,0.03341512
Head:0,0,0|0,0,0,1
Left:0.07842565,1.151264,-1.437151|0.1859419,0.751061,0.6334953,0.004098455
Right:-0.474741,1.105379,-1.390032|-0.07007523,0.7472867,0.6607963,0.0005901819
Head:0,0,0|0,0,0,1
Left:0.05154455,1.146389,-1.443154|-0.1269094,-0.7730305,-0.6204867,0.0362499
Right:-0.4558845,1.10358,-1.384667|-0.01070876,0.7345443,0.6777223,0.03197733
Head:0,0,0|0,0,0,1
Left:0.02320743,1.136766,-1.44835|-0.06583195,-0.7880605,-0.6068565,0.07969915
Right:-0.4368672,1.098843,-1.380824|0.04533333,0.7205051,0.6891068,0.06284261
Head:0,0,0|0,0,0,1
Left:-0.001873255,1.126237,-1.450482|-0.007740163,-0.7911063,-0.5995889,0.1207647
Right:-0.4194558,1.093622,-1.376116|0.1013366,0.6996893,0.7015206,0.08963615
Head:0,0,0|0,0,0,1
Left:-0.02545238,1.114097,-1.450312|0.04669899,-0.7868959,-0.5940148,0.1605011
Right:-0.403183,1.086303,-1.370489|0.1577231,0.6724343,0.7142218,0.1133259
Head:0,0,0|0,0,0,1
Left:-0.04545522,1.099462,-1.445021|0.1066602,-0.7614843,-0.6091607,0.1941354
Right:-0.3861818,1.074437,-1.367069|0.2156767,0.6423283,0.7223942,0.1380021
Head:0,0,0|0,0,0,1
Left:-0.06384718,1.083069,-1.442289|0.1677485,-0.7366841,-0.6158307,0.2234043
Right:-0.3724132,1.063775,-1.362315|0.273108,0.6023396,0.7334399,0.1570512
Head:0,0,0|0,0,0,1
Left:-0.07940137,1.066254,-1.437536|0.2417031,-0.7006633,-0.6286407,0.2355023
Right:-0.3595107,1.051207,-1.358463|0.32815,0.5608649,0.7387716,0.1787867
Head:0,0,0|0,0,0,1
Left:-0.09295797,1.050478,-1.43756|0.3250889,-0.6625816,-0.6335846,0.2321063
Right:-0.346406,1.033978,-1.357571|0.3830871,0.5180008,0.737389,0.2029208
Head:0,0,0|0,0,0,1
Left:-0.1037877,1.033653,-1.439577|0.4035447,-0.6207868,-0.6334655,0.2247152
Right:-0.3363767,1.019859,-1.355822|0.4283102,0.4763252,0.7332032,0.2282056
Head:0,0,0|0,0,0,1
Left:-0.1125485,1.017386,-1.441451|0.4664002,-0.5783577,-0.630064,0.2258154
Right:-0.3280799,1.005454,-1.354929|0.4666634,0.4389284,0.7241313,0.2553449
Head:0,0,0|0,0,0,1
Left:-0.1201026,1.000886,-1.442847|0.5170113,-0.5370913,-0.6231756,0.2363988
Right:-0.3200848,0.9881821,-1.355113|0.5004801,0.4061025,0.7100688,0.2835539
Head:0,0,0|0,0,0,1
Left:-0.1241511,0.9856573,-1.441389|0.5448897,-0.5045369,-0.6180676,0.2579344
Right:-0.3145726,0.9749396,-1.354764|0.5225034,0.383197,0.6956159,0.3102722
Head:0,0,0|0,0,0,1
Left:-0.1276283,0.9734182,-1.439778|0.552831,-0.4858286,-0.6138383,0.2855714
Right:-0.3111336,0.9637904,-1.356381|0.5391061,0.366795,0.6816601,0.3319122
Head:0,0,0|0,0,0,1
Left:-0.1307658,0.9613954,-1.437967|0.5571102,-0.4729571,-0.6063499,0.3134958
Right:-0.3092523,0.955328,-1.356518|0.5486524,0.3563699,0.6714762,0.3479954
Head:0,0,0|0,0,0,1
Left:-0.1316981,0.9530365,-1.434657|0.5365264,-0.482586,-0.5974306,0.3497524
Right:-0.308372,0.950402,-1.357098|0.5526147,0.3519134,0.6659097,0.3568449
Head:0,0,0|0,0,0,1
Left:-0.1307174,0.9480977,-1.431538|0.5099054,-0.4992589,-0.5846066,0.3859691
Right:-0.3070879,0.944936,-1.357917|0.5563571,0.3456484,0.6622478,0.3638981
Head:0,0,0|0,0,0,1
Left:-0.1287467,0.943967,-1.430735|0.4885107,-0.5127931,-0.572866,0.4125836
Right:-0.3073997,0.9443591,-1.356482|0.5501642,0.3466471,0.6681933,0.3614871
Head:0,0,0|0,0,0,1
Left:-0.1275535,0.9424288,-1.431856|0.4816474,-0.5196811,-0.5673079,0.4196535
Right:-0.3103747,0.9480357,-1.35621|0.5381882,0.3499559,0.6794313,0.3553272
Head:0,0,0|0,0,0,1
Left:-0.1255085,0.9397361,-1.432857|0.4862563,-0.5159076,-0.5656482,0.421232
Right:-0.3107092,0.9494157,-1.35385|0.5284271,0.3514182,0.6879963,0.3520387
Head:0,0,0|0,0,0,1
Left:-0.1230597,0.9382316,-1.435585|0.5117999,-0.4972084,-0.576017,0.3988097
Right:-0.3149991,0.9536531,-1.35169|0.5107858,0.3617508,0.6991047,0.3456687
Head:0,0,0|0,0,0,1
Left:-0.1203976,0.9371458,-1.437956|0.5388092,-0.4730665,-0.5873703,0.3753515
Right:-0.3202553,0.960301,-1.351594|0.4956644,0.3728699,0.7069539,0.3398544
Head:0,0,0|0,0,0,1
Left:-0.1176317,0.9364493,-1.439411|0.5539501,-0.4576096,-0.5919916,0.3650735
Right:-0.3247046,0.9651861,-1.35174|0.4868015,0.3824317,0.7123796,0.330584
Head:0,0,0|0,0,0,1
Left:-0.1146443,0.937371,-1.439174|0.5589007,-0.452181,-0.5912339,0.36552
Right:-0.32952,0.9705045,-1.35311|0.4856113,0.3896201,0.7149655,0.3181228
Head:0,0,0|0,0,0,1
Left:-0.1108093,0.9375097,-1.438615|0.559558,-0.4517575,-0.5898876,0.3672093
Right:-0.3341653,0.9755911,-1.355157|0.4895482,0.3930614,0.7169567,0.3030155
Head:0,0,0|0,0,0,1
Left:-0.107085,0.9416265,-1.43844|0.552515,-0.4609678,-0.5878791,0.3696404
Right:-0.340142,0.9796715,-1.35919|0.4929737,0.3962138,0.7199063,0.2858784
Head:0,0,0|0,0,0,1
Left:-0.1041136,0.9457998,-1.43929|0.5441064,-0.472237,-0.5889444,0.3661761
Right:-0.3450081,0.9847908,-1.361095|0.4955833,0.3987804,0.7226164,0.2705496
Head:0,0,0|0,0,0,1
Left:-0.09977794,0.9525403,-1.43928|0.5353351,-0.4846029,-0.5934602,0.3555016
Right:-0.3500855,0.9901398,-1.362124|0.4961343,0.4023583,0.7263694,0.2536653
Head:0,0,0|0,0,0,1
Left:-0.095204,0.9612474,-1.439637|0.5265982,-0.4955669,-0.6016073,0.3393767
Right:-0.3559813,0.9970559,-1.362617|0.4909397,0.4082719,0.7323014,0.2367003
Head:0,0,0|0,0,0,1
Left:-0.0898726,0.9700267,-1.439824|0.5173139,-0.5044175,-0.6124187,0.320769
Right:-0.3637736,1.003064,-1.362922|0.4779572,0.4187912,0.740423,0.218963
Head:0,0,0|0,0,0,1
Left:-0.08451867,0.9786273,-1.439196|0.5075197,-0.5129066,-0.6220605,0.3039595
Right:-0.3704684,1.010349,-1.361934|0.4638579,0.4288047,0.7483064,0.2024846
Head:0,0,0|0,0,0,1
Left:-0.07858407,0.9892505,-1.437746|0.4933505,-0.5230972,-0.6336807,0.2853479
Right:-0.3796327,1.019523,-1.358435|0.4346069,0.4447359,0.761949,0.1809988
Head:0,0,0|0,0,0,1
Left:-0.07088745,1.000836,-1.435976|0.4755228,-0.5358249,-0.6447131,0.2666735
Right:-0.3885789,1.028299,-1.356164|0.409416,0.4576422,0.7727457,0.1606428
Head:0,0,0|0,0,0,1
Left:-0.06313944,1.010802,-1.434023|0.4552914,-0.5505454,-0.6536852,0.2496101
Right:-0.3990812,1.038288,-1.353007|0.3743199,0.4732758,0.7856957,0.1362969
Head:0,0,0|0,0,0,1
Left:-0.05443931,1.024708,-1.432263|0.4239385,-0.5741639,-0.661617,0.2299456
Right:-0.4108703,1.046587,-1.349688|0.3391967,0.4872376,0.7971236,0.1101775
Head:0,0,0|0,0,0,1
Left:-0.04452348,1.036416,-1.431195|0.3954958,-0.592573,-0.6702219,0.2079498
Right:-0.4243755,1.056591,-1.346488|0.2941374,0.5034008,0.8085794,0.07918455
Head:0,0,0|0,0,0,1
Left:-0.03330815,1.048893,-1.428804|0.3595957,-0.6142066,-0.6783448,0.1824539
Right:-0.437793,1.064901,-1.34435|0.2546162,0.5168276,0.81577,0.05078514
Head:0,0,0|0,0,0,1
Left:-0.02136171,1.062428,-1.426657|0.3202915,-0.6340096,-0.6866696,0.1546935
Right:-0.4539275,1.071516,-1.342854|0.2091005,0.5315033,0.8206378,0.01830017
Head:0,0,0|0,0,0,1
Left:-0.007012606,1.074887,-1.424228|0.2788981,-0.6507289,-0.6947277,0.126969
Right:-0.4694631,1.078435,-1.341959|-0.1652124,-0.5453006,-0.8216884,0.01342995
Head:0,0,0|0,0,0,1
Left:0.009183407,1.086603,-1.419306|0.2234333,-0.6659976,-0.7054098,0.0944559
Right:-0.4853361,1.083969,-1.341643|-0.1228668,-0.5570083,-0.8201812,0.04414045
Head:0,0,0|0,0,0,1
Left:0.02525151,1.0977,-1.415704|0.1738656,-0.6780609,-0.7111436,0.06541356
Right:-0.5035584,1.087717,-1.343097|-0.07275488,-0.5704527,-0.8142843,0.07894038
Head:0,0,0|0,0,0,1
Left:0.04280651,1.107071,-1.411768|0.1161582,-0.6868506,-0.7164735,0.03754099
Right:-0.520272,1.090511,-1.344126|-0.02802265,-0.5796972,-0.8068355,0.1103735
Head:0,0,0|0,0,0,1
Left:0.06110013,1.11346,-1.407434|0.0545759,-0.6925216,-0.7192664,0.009551417
Right:-0.5371611,1.091851,-1.345806|0.01805857,-0.5876309,-0.7963655,0.1420065
Head:0,0,0|0,0,0,1
Left:0.07929742,1.119305,-1.404434|0.01011721,0.6963851,0.7174656,0.01372999
Right:-0.5541241,1.091645,-1.348931|0.06928416,-0.595349,-0.7816325,0.172656
Head:0,0,0|0,0,0,1
Left:0.0976795,1.122844,-1.402658|0.07316275,0.6972057,0.7121556,0.03722654
Right:-0.5724592,1.089311,-1.35275|0.123462,-0.6008379,-0.76314,0.203392
Head:0,0,0|0,0,0,1
Left:0.1168461,1.122689,-1.4005|0.1399684,0.6937643,0.703954,0.05957149
Right:-0.5886815,1.085459,-1.35678|0.174745,-0.603191,-0.7430583,0.2312773
Head:0,0,0|0,0,0,1
Left:0.1339345,1.121469,-1.401619|0.2054586,0.6876404,0.6919417,0.07844789
Right:-0.6053455,1.079954,-1.362423|0.2286849,-0.6044928,-0.7180117,0.2583618
Head:0,0,0|0,0,0,1
Left:0.1499012,1.119643,-1.401691|0.2629676,0.6779464,0.6794568,0.097853
Right:-0.6188841,1.072119,-1.368326|0.277875,-0.6039521,-0.6911278,0.2834954
Head:0,0,0|0,0,0,1
Left:0.1660447,1.115292,-1.402175|0.3184634,0.6660047,0.6641771,0.1178456
Right:-0.6298079,1.062118,-1.374704|0.324689,-0.6024126,-0.6620048,0.3056563
Head:0,0,0|0,0,0,1
Left:0.1801305,1.10983,-1.40535|0.3726769,0.6531031,0.6450735,0.1358251
Right:-0.640785,1.052962,-1.382207|0.3713911,-0.5995891,-0.6295632,0.3259014
Head:0,0,0|0,0,0,1
Left:0.1925561,1.103586,-1.407582|0.4212177,0.6386114,0.6253861,0.1537641
Right:-0.6494641,1.04267,-1.390916|0.4150593,-0.5976209,-0.5957822,0.3400275
Head:0,0,0|0,0,0,1
Left:0.2044876,1.096087,-1.410174|0.4658666,0.6228011,0.6047313,0.1714271
Right:-0.6567814,1.032607,-1.400307|0.4568574,-0.5952527,-0.5611852,0.3493231
Head:0,0,0|0,0,0,1
Left:0.2145656,1.088262,-1.413612|0.5056329,0.6074004,0.5834901,0.1869212
Right:-0.6621683,1.021972,-1.409724|0.4971181,-0.5910766,-0.5258818,0.3563012
Head:0,0,0|0,0,0,1
Left:0.2216864,1.079517,-1.417282|0.5454341,0.5901815,0.5600004,0.2014627
Right:-0.6647758,1.011848,-1.42|0.5335853,-0.5893859,-0.4915625,0.3553555
Head:0,0,0|0,0,0,1
Left:0.2280173,1.072212,-1.421484|0.5735812,0.5785709,0.5404175,0.21026
Right:-0.6671512,1.001886,-1.429699|0.5655268,-0.5859925,-0.4562693,0.3586232
Head:0,0,0|0,0,0,1
Left:0.2332728,1.064839,-1.42599|0.6004682,0.5668991,0.5202564,0.2177075
Right:-0.6665914,0.9934093,-1.438861|0.585382,-0.5892019,-0.4251134,0.3597884
Head:0,0,0|0,0,0,1
Left:0.2365179,1.058151,-1.429694|0.6248123,0.5560442,0.5002372,0.2240249
Right:-0.6654451,0.9864942,-1.446385|0.5922168,-0.5986445,-0.4006901,0.3610422
Head:0,0,0|0,0,0,1
Left:0.2383571,1.053971,-1.434475|0.6418608,0.5507767,0.4845258,0.2233707
Right:-0.6632316,0.9821931,-1.452531|0.5879716,-0.6130586,-0.3855886,0.360236
Head:0,0,0|0,0,0,1
Left:0.2396215,1.050301,-1.438403|0.6547001,0.5479206,0.4719778,0.2199721
Right:-0.6598651,0.9785733,-1.456643|0.5854089,-0.6247261,-0.3720877,0.358559
Head:0,0,0|0,0,0,1
Left:0.2410028,1.047164,-1.44179|0.6677882,0.5437599,0.4593628,0.2176463
Right:-0.6558549,0.9782724,-1.459044|0.5681967,-0.6418867,-0.3740721,0.3538419
Head:0,0,0|0,0,0,1
Left:0.2401109,1.046807,-1.445652|0.6727873,0.545352,0.4532349,0.2110133
Right:-0.6514325,0.9798162,-1.459817|0.5487661,-0.6573627,-0.381356,0.348278
Head:0,0,0|0,0,0,1
Left:0.2398162,1.046451,-1.447766|0.6737177,0.5482704,0.4508567,0.205505
Right:-0.646348,0.9801986,-1.459052|0.5343531,-0.6697761,-0.3849605,0.3430338
Head:0,0,0|0,0,0,1
Left:0.2386868,1.046539,-1.4495|0.6699268,0.5536755,0.45209,0.2006395
Right:-0.6404831,0.9833765,-1.456068|0.5190306,-0.6768081,-0.4018694,0.3332253
Head:0,0,0|0,0,0,1
Left:0.2372136,1.046893,-1.451547|0.6678399,0.5580416,0.4516801,0.1963786
Right:-0.635318,0.9853253,-1.454805|0.5096583,-0.6837027,-0.4095336,0.3241624
Head:0,0,0|0,0,0,1
Left:0.234344,1.049293,-1.4517|0.6545621,0.5713893,0.4565698,0.191329
Right:-0.6305363,0.986811,-1.453939|0.5021203,-0.6913604,-0.413495,0.3145121
Head:0,0,0|0,0,0,1
Left:0.2306561,1.051706,-1.451754|0.6416092,0.5855067,0.4596829,0.1849626
Right:-0.6253231,0.9886795,-1.453853|0.4973748,-0.6989793,-0.4153998,0.3024719
Head:0,0,0|0,0,0,1
Left:0.2271849,1.054242,-1.452731|0.6337742,0.5948564,0.4632816,0.1727608
Right:-0.6197584,0.9903789,-1.454597|0.4927625,-0.7064447,-0.4167303,0.2906146
