Head:0.003528967,1.599999,-0.4412673|0.0870002,0.1001988,-0.08806501,0.9872364
Left:-0.07378924,1.500095,-0.2080389|-0.62104,0.5570645,0.3039582,0.4599977
Right:0.1377342,1.484556,-0.3084913|-0.623983,-0.3245202,-0.04305675,0.7095618
Head:0.003534891,1.599973,-0.4412805|0.0871222,0.1000511,-0.08816335,0.9872319
Left:-0.07438707,1.499553,-0.2083189|-0.6197427,0.5590498,0.3044632,0.4590037
Right:0.1377701,1.4846,-0.3085362|-0.6241239,-0.3244659,-0.04323939,0.7094516
Head:0.00354616,1.599947,-0.4412|0.08721975,0.09967056,-0.08818834,0.9872595
Left:-0.07512391,1.498696,-0.2087313|-0.6161889,0.5644253,0.3055489,0.4564813
Right:0.1377604,1.484615,-0.3085459|-0.6241501,-0.3244537,-0.04338123,0.7094255
Head:0.003447723,1.599942,-0.4412586|0.08724673,0.09956424,-0.08828972,0.9872588
Left:-0.07536912,1.497958,-0.2087637|-0.6037699,0.5783876,0.3134729,0.4501826
Right:0.1376158,1.48471,-0.3085076|-0.6240996,-0.3245108,-0.0434389,0.7094402
Head:0.003465008,1.599913,-0.4412438|0.08741922,0.09930811,-0.08836352,0.9872627
Left:-0.07608914,1.497064,-0.2085906|-0.5923972,0.5918177,0.3220191,0.4417252
Right:0.1376226,1.484698,-0.3084239|-0.6241949,-0.3244184,-0.04325834,0.7094097
Head:0.003442332,1.599859,-0.4412411|0.08742657,0.09914878,-0.08871052,0.987247
Left:-0.07561505,1.496527,-0.2091277|-0.585716,0.60068,0.3244577,0.436861
Right:0.1375463,1.484652,-0.3084542|-0.6242559,-0.3244797,-0.04333917,0.709323
Head:0.003416486,1.599885,-0.4412512|0.08752928,0.09903681,-0.08879841,0.9872412
Left:-0.07411683,1.496205,-0.2098253|-0.5862997,0.6001654,0.3207457,0.4395184
Right:0.1375743,1.484615,-0.3084224|-0.624341,-0.3244863,-0.0434482,0.7092385
Head:0.003459983,1.599874,-0.4412439|0.08751019,0.09897102,-0.08880443,0.987249
Left:-0.07333386,1.495949,-0.2098857|-0.5850062,0.6002049,0.3195505,0.4420511
Right:0.1375965,1.484617,-0.308403|-0.6242014,-0.324432,-0.04354164,0.7093804
Head:0.003524173,1.599926,-0.4410795|0.08749291,0.09900068,-0.08889515,0.9872394
Left:-0.07235861,1.495928,-0.2096711|-0.5840209,0.5989448,0.3189208,0.4455045
Right:0.1376073,1.484525,-0.3085196|-0.6242252,-0.3243237,-0.04375817,0.7093957
Head:0.003549147,1.599914,-0.4410247|0.08741495,0.09922014,-0.08899347,0.9872154
Left:-0.07205129,1.49594,-0.2094311|-0.5864108,0.5960124,0.3179961,0.4469564
Right:0.1376367,1.48447,-0.3084707|-0.6242601,-0.3242503,-0.04406274,0.7093798
Head:0.003582243,1.59991,-0.4409317|0.08743636,0.09941258,-0.08880447,0.9872111
Left:-0.07223499,1.496099,-0.2093376|-0.5927961,0.5898,0.3174865,0.4471366
Right:0.1377389,1.48434,-0.3084322|-0.6241275,-0.3242494,-0.04413644,0.7094922
Head:0.003612917,1.599864,-0.4408504|0.08743795,0.09938645,-0.0886337,0.987229
Left:-0.07319629,1.496325,-0.2091913|-0.5984436,0.5825735,0.3204173,0.4469967
Right:0.1376832,1.48419,-0.3084978|-0.6241691,-0.324158,-0.04411166,0.7094989
Head:0.003634125,1.599833,-0.4408188|0.08767333,0.09942663,-0.08855163,0.9872114
Left:-0.07502723,1.496547,-0.208636|-0.598771,0.5790528,0.3290053,0.4448896
Right:0.1376714,1.484075,-0.3084613|-0.6241786,-0.3242847,-0.04411888,0.7094322
Head:0.003654234,1.599794,-0.4407372|0.08795902,0.09942425,-0.08843282,0.9871969
Left:-0.07666564,1.496804,-0.20833|-0.5966302,0.5799609,0.3371622,0.4404537
Right:0.1377041,1.48396,-0.3083564|-0.6239615,-0.3242171,-0.04380475,0.7096735
Head:0.003516108,1.599589,-0.4408964|0.08801936,0.09939162,-0.08834352,0.9872028
Left:-0.07854748,1.496266,-0.2085735|-0.5929004,0.5840154,0.3447321,0.4342292
Right:0.1374589,1.483653,-0.3085457|-0.6239712,-0.3242061,-0.04352941,0.709687
Head:0.003612388,1.599505,-0.4408481|0.08836364,0.09921215,-0.08851024,0.9871752
Left:-0.07937825,1.496216,-0.2083703|-0.5829369,0.5930717,0.3533086,0.4285132
Right:0.1375544,1.483525,-0.308587|-0.6239797,-0.3241727,-0.04352457,0.709695
Head:0.003645033,1.599479,-0.4407707|0.08854994,0.09922698,-0.08867078,0.9871426
Left:-0.07918644,1.495952,-0.2080106|-0.5771212,0.5987915,0.3549338,0.4270853
Right:0.1377126,1.483351,-0.308504|-0.623924,-0.324143,-0.04377489,0.7097423
Head:0.003789701,1.599509,-0.4406594|0.08847924,0.09916446,-0.0889527,0.9871298
Left:-0.07863533,1.495901,-0.2080024|-0.5779758,0.5986743,0.3500679,0.4300996
Right:0.1379071,1.483365,-0.3083576|-0.6239308,-0.3239013,-0.04405656,0.7098292
Head:0.003774926,1.599546,-0.4406714|0.08825586,0.09936268,-0.08921056,0.9871066
Left:-0.07779706,1.495843,-0.2084006|-0.5813313,0.5976228,0.3433822,0.432423
Right:0.1378767,1.483402,-0.3083864|-0.6239022,-0.323841,-0.04425243,0.7098696
Head:0.003853191,1.59955,-0.4405935|0.08808003,0.09949619,-0.08932109,0.9870989
Left:-0.07702959,1.49564,-0.2086192|-0.5845482,0.5961847,0.3374778,0.4347138
Right:0.1379516,1.483327,-0.3083361|-0.623925,-0.3236929,-0.04442877,0.709906
Head:0.004010849,1.599584,-0.4405404|0.08775529,0.09981535,-0.08948754,0.9870805
Left:-0.07642281,1.495706,-0.2088239|-0.5893328,0.5929512,0.331475,0.4372872
Right:0.1380348,1.483289,-0.3082325|-0.6238436,-0.3236368,-0.04462776,0.7099907
Head:0.003998972,1.599646,-0.4405742|0.08764524,0.09988651,-0.08938764,0.9870921
Left:-0.07604647,1.495965,-0.2092252|-0.5946267,0.5886841,0.3272459,0.4390675
Right:0.138121,1.48331,-0.3083096|-0.6237515,-0.3235599,-0.04452895,0.7101129
Head:0.004064064,1.599632,-0.4405197|0.08766165,0.09989663,-0.08918797,0.9871077
Left:-0.07586169,1.496155,-0.2092744|-0.5986636,0.5850097,0.3249872,0.4401692
Right:0.1381122,1.483239,-0.3081579|-0.6236896,-0.3235255,-0.0444876,0.7101855
Head:0.004173413,1.599627,-0.4404932|0.0877205,0.09987009,-0.08899381,0.9871227
Left:-0.07601154,1.496535,-0.2093149|-0.6020018,0.5811681,0.3258764,0.4400477
Right:0.1380312,1.483136,-0.3081857|-0.623617,-0.3236012,-0.04431472,0.7102256
Head:0.004201602,1.599623,-0.4405059|0.08779259,0.09972896,-0.0888303,0.9871453
Left:-0.07648849,1.496994,-0.2092478|-0.6052849,0.5773742,0.3276981,0.4391847
Right:0.1380556,1.483115,-0.3082041|-0.6234233,-0.3237633,-0.04426753,0.7103246
Head:0.004301719,1.599604,-0.4403891|0.08786633,0.09969049,-0.0888532,0.9871405
Left:-0.0772655,1.497739,-0.2092644|-0.6098854,0.5724212,0.3297055,0.4377991
Right:0.1380274,1.483098,-0.3081567|-0.623584,-0.3237898,-0.04425066,0.7101726
Head:0.004495803,1.599636,-0.4402234|0.08784547,0.09952338,-0.08907953,0.9871389
Left:-0.07795513,1.498236,-0.2093104|-0.6149738,0.5666809,0.3318844,0.4365005
Right:0.1380545,1.48311,-0.3082374|-0.6238304,-0.3239674,-0.04456988,0.7098551
Head:0.004600637,1.599672,-0.4401891|0.08763725,0.09946413,-0.08924315,0.9871486
Left:-0.07912922,1.498855,-0.2093276|-0.6192272,0.561469,0.3340564,0.4355648
Right:0.1380837,1.483106,-0.308267|-0.6239764,-0.3242094,-0.04515529,0.7095793
Head:0.00472711,1.599574,-0.4403266|0.08723307,0.09938387,-0.08933267,0.9871843
Left:-0.07994759,1.499193,-0.209277|-0.6214426,0.5573415,0.3369707,0.4354656
Right:0.1382071,1.483113,-0.3085388|-0.6239761,-0.324367,-0.04557643,0.7094805
Head:0.004896265,1.599533,-0.4401917|0.08707526,0.09932692,-0.08953392,0.9871858
Left:-0.08081162,1.499348,-0.2093574|-0.6230347,0.5541133,0.3391984,0.4355809
Right:0.1381612,1.482976,-0.3087152|-0.6241155,-0.3243188,-0.04578796,0.7093663
Head:0.005005319,1.599489,-0.4401631|0.08684778,0.0994476,-0.08982858,0.9871669
Left:-0.08162534,1.499751,-0.2090981|-0.622886,0.552918,0.3408175,0.4360484
Right:0.138185,1.482927,-0.3086637|-0.6241137,-0.3243259,-0.04595769,0.7093538
Head:0.005169597,1.599415,-0.4399859|0.08696403,0.09972988,-0.09018341,0.9870958
Left:-0.08234882,1.499856,-0.2089391|-0.6231926,0.5523373,0.3407441,0.4364035
Right:0.1383028,1.482861,-0.3085364|-0.6242641,-0.3238492,-0.04598492,0.7094374
Head:0.005424023,1.599418,-0.4396298|0.08725651,0.09962974,-0.0907769,0.9870257
Left:-0.08250439,1.500035,-0.2088412|-0.6231652,0.5530555,0.3389655,0.4369178
Right:0.1385036,1.482857,-0.3083726|-0.6243877,-0.3235401,-0.04612081,0.7094609
Head:0.005700286,1.599252,-0.4394374|0.08755837,0.09977064,-0.09120928,0.9869449
Left:-0.08270216,1.500202,-0.2088382|-0.6236908,0.5529875,0.3374527,0.4374247
Right:0.138549,1.482636,-0.3079951|-0.6242751,-0.3235296,-0.04658522,0.7095343
Head:0.006006543,1.599174,-0.4392034|0.0878965,0.100075,-0.09183728,0.9868258
Left:-0.08202624,1.500039,-0.2089603|-0.6270716,0.5512006,0.3317691,0.4391905
Right:0.1386877,1.482489,-0.3078943|-0.6243093,-0.3233485,-0.04687162,0.709568
Head:0.006209739,1.599015,-0.4390118|0.08803139,0.100422,-0.09226155,0.986739
Left:-0.08187234,1.500076,-0.2091094|-0.6314225,0.548474,0.325949,0.4407257
Right:0.1388701,1.482402,-0.3076606|-0.6241484,-0.3231221,-0.0471632,0.7097933
Head:0.006330837,1.598918,-0.4389188|0.08821897,0.1007162,-0.09252093,0.9866679
Left:-0.08172905,1.4999,-0.2095805|-0.6357077,0.5461083,0.3211204,0.4410478
Right:0.1388279,1.482295,-0.3074734|-0.6238491,-0.3232407,-0.0470233,0.7100117
Head:0.006579988,1.598702,-0.4389344|0.08831248,0.1007721,-0.09277917,0.9866296
Left:-0.08162785,1.499859,-0.2100855|-0.6385298,0.5448135,0.3179153,0.4408942
Right:0.1389576,1.482116,-0.3075279|-0.6236234,-0.3235406,-0.04699291,0.7100753
Head:0.006853942,1.598533,-0.4388168|0.0886104,0.101261,-0.09336961,0.9864971
Left:-0.08164215,1.499647,-0.2101926|-0.6402414,0.5441518,0.31616,0.4404913
Right:0.1389244,1.481879,-0.3073702|-0.6233172,-0.3236813,-0.04668862,0.7103001
Head:0.007058017,1.59835,-0.4386215|0.08889588,0.1016089,-0.09369162,0.9864051
Left:-0.08152795,1.499501,-0.2104149|-0.64148,0.543532,0.314641,0.4405423
Right:0.1390671,1.481655,-0.3072391|-0.6229871,-0.3238364,-0.04641518,0.710537
Head:0.007166628,1.598079,-0.4385868|0.08906639,0.1019423,-0.09383483,0.9863417
Left:-0.08141875,1.499369,-0.2102871|-0.6410769,0.5437116,0.3142805,0.4411642
Right:0.1390923,1.481457,-0.3070813|-0.6226975,-0.3240844,-0.04622364,0.7106902
Head:0.007427439,1.597889,-0.438437|0.0892015,0.102205,-0.09423024,0.9862646
Left:-0.08127308,1.499074,-0.2101029|-0.6396534,0.5444137,0.3140798,0.4425056
Right:0.1389624,1.48113,-0.3070762|-0.622486,-0.3243321,-0.04610369,0.7107702
Head:0.007562045,1.597785,-0.4383208|0.08941185,0.1025649,-0.09451286,0.9861811
Left:-0.08109713,1.498881,-0.2100228|-0.6381015,0.5457765,0.3133449,0.443587
Right:0.1390213,1.480945,-0.3069233|-0.6223088,-0.3243607,-0.04610021,0.7109126
Head:0.007802561,1.597682,-0.4379618|0.0897946,0.1030428,-0.09498714,0.986051
Left:-0.08044159,1.498442,-0.2094241|-0.6340154,0.5498924,0.3123838,0.4450385
Right:0.1389372,1.480866,-0.306725|-0.6220958,-0.3241198,-0.04562773,0.7112393
Head:0.008003451,1.597554,-0.4377114|0.0899328,0.1034121,-0.09551104,0.9859492
Left:-0.07962918,1.498175,-0.2090052|-0.6318961,0.5522818,0.3103663,0.4465029
Right:0.1390132,1.480736,-0.3065364|-0.6219457,-0.3241808,-0.04571016,0.7113375
Head:0.008173782,1.59745,-0.4375004|0.0900921,0.1038239,-0.0960936,0.9858347
Left:-0.07871258,1.497601,-0.2087345|-0.6308195,0.5543798,0.3065453,0.4480622
Right:0.1390185,1.480554,-0.3063707|-0.621639,-0.3246452,-0.04611585,0.7113675
Head:0.008370873,1.597372,-0.4371151|0.09026143,0.1042647,-0.09652767,0.9857303
Left:-0.0779196,1.497066,-0.2084471|-0.6313268,0.5555195,0.3020164,0.4490108
Right:0.1390498,1.480414,-0.3061374|-0.6210896,-0.324782,-0.04621498,0.7117784
Head:0.008505959,1.597282,-0.4368692|0.09042007,0.1044927,-0.09671994,0.9856728
Left:-0.07717514,1.496664,-0.2081819|-0.6328736,0.5553291,0.2979908,0.4497579
Right:0.1391137,1.480282,-0.3058974|-0.6207097,-0.324751,-0.04617377,0.7121267
Head:0.008751582,1.597098,-0.436539|0.0906159,0.1046733,-0.0970536,0.9856028
Left:-0.07631183,1.49607,-0.2079185|-0.633906,0.5552384,0.2949498,0.4504199
Right:0.1393012,1.479973,-0.3055588|-0.6204111,-0.3244539,-0.04595575,0.7125363
Head:0.008905862,1.597025,-0.4362559|0.09080659,0.1048687,-0.09736773,0.9855335
Left:-0.07596982,1.495686,-0.2074962|-0.6346831,0.554655,0.2936965,0.4508632
Right:0.1393355,1.479851,-0.3053104|-0.6202875,-0.3242561,-0.04609221,0.7127249
Head:0.009078678,1.596959,-0.4360523|0.09096389,0.1050833,-0.09760571,0.9854726
Left:-0.07571244,1.495366,-0.2070373|-0.634401,0.5542348,0.2939396,0.4516179
Right:0.139501,1.479716,-0.3052043|-0.6202093,-0.3242463,-0.04651972,0.7127697
Head:0.009119738,1.596957,-0.4357927|0.09097701,0.1054587,-0.09792315,0.9853998
Left:-0.07567537,1.495206,-0.2067807|-0.6336347,0.5544422,0.2943413,0.452177
Right:0.1394936,1.479712,-0.3051151|-0.6196975,-0.3247202,-0.04729224,0.7129483
Head:0.009184271,1.596885,-0.4355827|0.09091824,0.1057289,-0.09796944,0.9853716
Left:-0.07554185,1.494927,-0.2061815|-0.6326545,0.5551481,0.2945083,0.4525747
Right:0.1395109,1.4796,-0.304868|-0.619261,-0.3251393,-0.04773035,0.7131073
Head:0.009270784,1.596871,-0.4353251|0.09088722,0.1060294,-0.0981352,0.9853257
Left:-0.07533228,1.49469,-0.2057846|-0.6312389,0.5562785,0.2947924,0.4529781
Right:0.1395092,1.479474,-0.3046901|-0.6189699,-0.3252377,-0.04761599,0.7133228
Head:0.009322945,1.596879,-0.4351051|0.09096903,0.106308,-0.09819785,0.9852819
Left:-0.07516754,1.49446,-0.2054865|-0.6303574,0.5573156,0.2942514,0.4532824
Right:0.1394615,1.479359,-0.3044574|-0.6185678,-0.3254194,-0.04748022,0.7135978
Head:0.009418771,1.596881,-0.4349499|0.09084448,0.1064299,-0.09820232,0.9852798
Left:-0.07493556,1.494237,-0.2053033|-0.6298819,0.558217,0.2930917,0.4535856
Right:0.1394831,1.479206,-0.3043416|-0.6181802,-0.3257128,-0.04747213,0.7138003
Head:0.009468086,1.596879,-0.4347485|0.09090499,0.1067375,-0.09825724,0.9852355
Left:-0.07485437,1.493921,-0.2051703|-0.629653,0.5586058,0.2920557,0.4540927
Right:0.1393611,1.478993,-0.3042244|-0.6177467,-0.3261258,-0.04760394,0.7139782
Head:0.009453297,1.596888,-0.434666|0.0908969,0.1068643,-0.09830587,0.9852176
Left:-0.07470405,1.493823,-0.2050685|-0.6303399,0.5581912,0.2905258,0.4546307
Right:0.1393056,1.478887,-0.3040597|-0.6173079,-0.326364,-0.04757283,0.714251
Head:0.009504583,1.596928,-0.4344394|0.09106786,0.1070072,-0.09828931,0.985188
Left:-0.07465482,1.493803,-0.2049297|-0.6310691,0.5575187,0.2897444,0.4549427
Right:0.1393052,1.478755,-0.3039063|-0.617262,-0.3260494,-0.04715755,0.7144617
Head:0.009406202,1.596938,-0.4341959|0.09139444,0.1069126,-0.09808129,0.9851887
Left:-0.07481718,1.493803,-0.2048043|-0.631734,0.5566903,0.2896875,0.4550704
Right:0.1392756,1.478629,-0.3037385|-0.6170698,-0.3260845,-0.04714238,0.7146127
Head:0.009240717,1.597007,-0.4342332|0.09141336,0.1066491,-0.09787464,0.9852361
Left:-0.07535994,1.493974,-0.2046508|-0.6322845,0.55597,0.2897987,0.4551159
Right:0.1391166,1.47851,-0.303511|-0.6167888,-0.3267086,-0.04774003,0.7145306
Head:0.009220339,1.597038,-0.434072|0.09149925,0.1065267,-0.09782595,0.9852462
Left:-0.07561433,1.494063,-0.2044476|-0.6322293,0.5560284,0.2902413,0.4548391
Right:0.1389325,1.478544,-0.303468|-0.6161983,-0.3273548,-0.0481748,0.7147151
Head:0.009135753,1.597031,-0.4340078|0.09151869,0.1062468,-0.09772258,0.9852849
Left:-0.07581365,1.494188,-0.2043619|-0.632037,0.5563028,0.2905972,0.4545435
Right:0.1388258,1.478471,-0.3033482|-0.6153432,-0.3281649,-0.04873492,0.7150424
Head:0.008900542,1.597093,-0.4340413|0.09138971,0.1061498,-0.09747297,0.985332
Left:-0.07598519,1.494282,-0.204348|-0.6320474,0.5565362,0.2904801,0.4543181
Right:0.1386415,1.478489,-0.3032901|-0.6145559,-0.328845,-0.0487792,0.7154039
Head:0.008865714,1.597123,-0.4340821|0.09142992,0.1055971,-0.09752365,0.9853827
Left:-0.07616925,1.494447,-0.2045702|-0.6324566,0.5566711,0.2895329,0.4541879
Right:0.1385012,1.478434,-0.3032676|-0.6138033,-0.3295647,-0.04844316,0.7157416
Head:0.008785553,1.597107,-0.4341175|0.09120623,0.1054125,-0.09757662,0.9854179
Left:-0.07630217,1.494505,-0.2046876|-0.6325765,0.556846,0.2883984,0.4545284
Right:0.1381896,1.478305,-0.3033006|-0.6131262,-0.3303364,-0.04775052,0.7160126
Head:0.00864413,1.597154,-0.4341893|0.09108722,0.1050397,-0.09755587,0.9854708
Left:-0.07634628,1.4946,-0.2048352|-0.6325608,0.5572162,0.2872486,0.4548242
Right:0.1379725,1.478267,-0.3032134|-0.6121624,-0.331041,-0.04715459,0.7165511
Head:0.00857839,1.597121,-0.4343781|0.09090621,0.1044882,-0.09748455,0.9855531
Left:-0.07629585,1.494603,-0.2048095|-0.6323855,0.5578672,0.2858733,0.4551365
Right:0.137747,1.478263,-0.3031262|-0.6116461,-0.331416,-0.04650875,0.7168608
Head:0.008525196,1.597112,-0.434481|0.09069002,0.1043654,-0.09754312,0.9855803
Left:-0.0764308,1.49455,-0.2050201|-0.6321297,0.5584373,0.2847726,0.4554826
Right:0.1375221,1.47816,-0.3033425|-0.6114634,-0.3317789,-0.0460494,0.7168785
Head:0.008482527,1.597111,-0.434572|0.09054583,0.104104,-0.09757677,0.9856179
Left:-0.0764159,1.494609,-0.2052101|-0.6316939,0.5592266,0.2839635,0.4556239
Right:0.1374458,1.478173,-0.3034123|-0.6112331,-0.3321079,-0.04594529,0.7169293
Head:0.008395724,1.597068,-0.4346852|0.09032411,0.1040978,-0.09770634,0.985626
Left:-0.07637966,1.49456,-0.2050976|-0.6311595,0.5602117,0.283465,0.4554649
Right:0.1373292,1.478259,-0.3035022|-0.6112766,-0.3324242,-0.04610858,0.7167351
Head:0.008403435,1.59705,-0.4348205|0.09015501,0.1040525,-0.09779122,0.9856379
Left:-0.07649708,1.494554,-0.205186|-0.6307619,0.5608099,0.2832021,0.4554431
Right:0.1371975,1.478299,-0.3037304|-0.6114106,-0.3325924,-0.04636278,0.7165263
Head:0.008376598,1.597054,-0.43497|0.09011827,0.1040092,-0.09784043,0.9856409
Left:-0.07650685,1.494562,-0.2052822|-0.6304253,0.5613865,0.282696,0.4555131
Right:0.1371835,1.47841,-0.3040174|-0.6114676,-0.3327991,-0.04660101,0.7163662
Head:0.008430317,1.597044,-0.4350687|0.08994581,0.103973,-0.09805462,0.9856392
Left:-0.07659173,1.494613,-0.2052375|-0.6300187,0.5617372,0.282376,0.4558417
Right:0.1371136,1.478509,-0.3042712|-0.6114917,-0.333082,-0.04711974,0.7161803
Head:0.008447479,1.597024,-0.4351851|0.08992467,0.1039985,-0.09812517,0.9856315
Left:-0.07655835,1.494765,-0.2051779|-0.6297802,0.5618341,0.2819471,0.456317
Right:0.1370938,1.478665,-0.3044113|-0.6114715,-0.3333174,-0.04737842,0.7160709
Head:0.0085137,1.596983,-0.4353506|0.08992934,0.1039924,-0.09820062,0.9856241
Left:-0.07659388,1.494729,-0.2051159|-0.6297446,0.561834,0.281327,0.4567488
Right:0.1369662,1.478707,-0.3045574|-0.6113676,-0.3336945,-0.04743563,0.7159801
Head:0.008588545,1.596955,-0.4354505|0.08983375,0.1040879,-0.09831357,0.9856116
Left:-0.07669568,1.494761,-0.2051156|-0.6299006,0.5617643,0.2808676,0.4569021
Right:0.1368322,1.478747,-0.3047763|-0.6113946,-0.3338774,-0.04708774,0.7158947
Head:0.008647889,1.596918,-0.4355761|0.08975094,0.1043425,-0.09853195,0.9855704
Left:-0.07681179,1.494795,-0.2051772|-0.6299347,0.5618115,0.2806343,0.4569403
Right:0.1366882,1.478801,-0.304952|-0.6113043,-0.3340063,-0.04673695,0.7159347
Head:0.008700229,1.596876,-0.4357096|0.08973765,0.1044168,-0.09851813,0.9855651
Left:-0.07690442,1.49486,-0.2053405|-0.6300853,0.561847,0.2804345,0.4568118
Right:0.1365747,1.478879,-0.3052348|-0.6112109,-0.334202,-0.04647157,0.7159404
Head:0.008613538,1.596709,-0.4359093|0.08968319,0.1047344,-0.09848335,0.9855398
Left:-0.07704937,1.49491,-0.2053707|-0.6302078,0.5616958,0.2802888,0.4569182
Right:0.1364481,1.478887,-0.3054209|-0.6111619,-0.3344381,-0.04640213,0.7158765
Head:0.008702155,1.596649,-0.4360769|0.08966585,0.1050339,-0.09865284,0.9854926
Left:-0.07732666,1.494764,-0.2056203|-0.6301115,0.5616065,0.2801425,0.4572504
Right:0.1361125,1.478723,-0.305801|-0.6111073,-0.3348328,-0.04626054,0.7157477
Head:0.008769963,1.596616,-0.4362853|0.08974257,0.1052017,-0.09880675,0.9854522
Left:-0.07736814,1.494784,-0.2057106|-0.6299949,0.561655,0.2798133,0.4575529
Right:0.1360272,1.478716,-0.3060871|-0.611091,-0.3350225,-0.04601213,0.715689
Head:0.008838419,1.596533,-0.4363936|0.08968334,0.1055687,-0.09903771,0.9853952
Left:-0.07732689,1.49477,-0.2057263|-0.6299851,0.5615665,0.2794348,0.4579062
Right:0.135892,1.478657,-0.3063052|-0.6110883,-0.3350894,-0.04551418,0.7156918
Head:0.008906338,1.59648,-0.4364482|0.08973534,0.1057417,-0.09926583,0.985349
Left:-0.07725263,1.494765,-0.2057289|-0.6298971,0.5614598,0.279234,0.4582805
Right:0.1357083,1.478641,-0.3064185|-0.6110608,-0.3351253,-0.04533869,0.7157096
Head:0.008931246,1.596437,-0.4365843|0.08970279,0.1061329,-0.09929343,0.9853071
Left:-0.0772512,1.494735,-0.2057571|-0.6298424,0.5615141,0.2789954,0.4584344
Right:0.1355379,1.478641,-0.3066597|-0.6109495,-0.3350495,-0.04489877,0.7158678
Head:0.009013046,1.59635,-0.4366448|0.0896503,0.1065532,-0.09951696,0.985244
Left:-0.07709336,1.494682,-0.2058787|-0.6295672,0.5617126,0.278924,0.4586127
Right:0.135504,1.478571,-0.3068975|-0.6107902,-0.3352184,-0.04528007,0.7159006
Head:0.009100713,1.596266,-0.4367707|0.08960928,0.1068452,-0.09967768,0.9851998
Left:-0.07697225,1.494556,-0.2059301|-0.6288851,0.5621498,0.2792349,0.4588235
Right:0.1355572,1.478544,-0.3070807|-0.6106368,-0.3354736,-0.04585495,0.7158754
Head:0.009048861,1.596248,-0.4368072|0.08967237,0.1073403,-0.09989925,0.9851178
Left:-0.07684791,1.494431,-0.2060965|-0.6275675,0.5635706,0.2796665,0.4586217
Right:0.1354356,1.478572,-0.3073343|-0.6102978,-0.335745,-0.04602621,0.7160262
Head:0.009129282,1.596219,-0.4368588|0.08984704,0.107631,-0.1001353,0.9850462
Left:-0.0766623,1.494287,-0.2060728|-0.6263274,0.5649836,0.2801484,0.4582842
Right:0.135358,1.4785,-0.3073667|-0.6100514,-0.3357643,-0.04570388,0.7162478
Head:0.009170521,1.596166,-0.4369355|0.08991538,0.1080054,-0.1002838,0.9849839
Left:-0.07639718,1.494158,-0.2061479|-0.625808,0.5656033,0.280385,0.4580846
Right:0.1354007,1.478488,-0.307444|-0.6098412,-0.3357739,-0.04528772,0.7164487
Head:0.009194423,1.596114,-0.4369629|0.09003061,0.1083883,-0.1005213,0.9849071
Left:-0.07596076,1.493942,-0.2061859|-0.6252438,0.5662609,0.280381,0.4580451
Right:0.1353868,1.478374,-0.3075397|-0.6094875,-0.3357587,-0.0446666,0.7167957
Head:0.009183824,1.596032,-0.4370367|0.08996765,0.1087369,-0.1004513,0.9848815
Left:-0.07563496,1.493796,-0.2061564|-0.6247712,0.5667545,0.2802665,0.4581495
Right:0.1353668,1.478297,-0.3076203|-0.6095046,-0.3354761,-0.04397311,0.7169563
Head:0.009142458,1.596023,-0.4369978|0.09013934,0.1089006,-0.1004624,0.9848467
Left:-0.07543266,1.493634,-0.2062074|-0.6241883,0.5672549,0.2803559,0.4582701
Right:0.1354047,1.47826,-0.3078105|-0.609833,-0.3350072,-0.04373147,0.7169111
Head:0.009123985,1.595997,-0.4370852|0.09018322,0.1092125,-0.1005085,0.9848034
Left:-0.07528687,1.493489,-0.2061|-0.6240467,0.5674094,0.2802118,0.4583598
Right:0.13529,1.478241,-0.3078687|-0.6097955,-0.3348492,-0.04364381,0.7170222
Head:0.009079773,1.595959,-0.4371319|0.09014136,0.1094897,-0.1004758,0.9847797
Left:-0.07507777,1.493366,-0.2062035|-0.6239822,0.5675467,0.2803237,0.4582091
Right:0.1354746,1.478247,-0.3081111|-0.6099538,-0.3344189,-0.04447118,0.7170374
Head:0.009082094,1.595917,-0.4371932|0.09001507,0.1098738,-0.1004359,0.9847526
Left:-0.07490516,1.493308,-0.2061632|-0.6234937,0.5677437,0.2808694,0.4582958
Right:0.1356299,1.478344,-0.3081508|-0.6099281,-0.3341952,-0.04474564,0.7171466
Head:0.009173546,1.595834,-0.4371782|0.09016687,0.1099393,-0.1003944,0.9847357
Left:-0.07466757,1.493048,-0.205914|-0.6226555,0.5681182,0.2815749,0.4585386
Right:0.1360219,1.478136,-0.3082093|-0.6095449,-0.3342085,-0.04535853,0.7174276
Head:0.009058055,1.595724,-0.4372713|0.09009338,0.110049,-0.1001622,0.9847538
Left:-0.07453144,1.492938,-0.2057614|-0.6216828,0.5688457,0.2820574,0.4586597
Right:0.1360766,1.478082,-0.3082579|-0.6092447,-0.3343258,-0.04547304,0.7176206
Head:0.008995391,1.595699,-0.4372549|0.09014802,0.1101598,-0.1000825,0.9847444
Left:-0.07454431,1.492659,-0.2058569|-0.621142,0.5692375,0.2821499,0.4588493
Right:0.1359196,1.477879,-0.3084613|-0.6090862,-0.3344415,-0.04520588,0.7177182
Head:0.008842267,1.595759,-0.4374743|0.09004605,0.1101932,-0.1001413,0.9847441
Left:-0.0746572,1.492693,-0.2059917|-0.6212441,0.5693405,0.281583,0.4589316
Right:0.1355942,1.478023,-0.3086066|-0.6087638,-0.3346637,-0.04466952,0.7179217
Head:0.00893328,1.595854,-0.4373512|0.09013317,0.1102839,-0.1003852,0.9847012
Left:-0.07439923,1.492602,-0.2062691|-0.6213475,0.5694041,0.2811199,0.4589968
Right:0.1355817,1.477932,-0.3088269|-0.6087021,-0.3346741,-0.04426985,0.7179939
Head:0.008928582,1.595863,-0.4373642|0.09006417,0.1104861,-0.1005815,0.9846647
Left:-0.07409537,1.492773,-0.2061211|-0.6214959,0.5692508,0.2810364,0.459037
Right:0.1357522,1.478036,-0.3087155|-0.6088507,-0.3344537,-0.04401646,0.7179862
Head:0.008903991,1.595863,-0.4372637|0.0901517,0.1106653,-0.1005077,0.9846442
Left:-0.07398391,1.492695,-0.2061269|-0.6218653,0.5688688,0.2813261,0.4588327
Right:0.135803,1.477928,-0.3086592|-0.6087986,-0.3342473,-0.04380007,0.7181397
Head:0.008887582,1.595867,-0.4372283|0.09008118,0.1106317,-0.1005107,0.9846541
Left:-0.07406986,1.492746,-0.2060553|-0.6220316,0.5684917,0.2820894,0.4586061
Right:0.135787,1.47788,-0.3085635|-0.6089382,-0.3340263,-0.04413141,0.7181039
Head:0.008819353,1.595865,-0.4371913|0.09009829,0.1106801,-0.1004344,0.9846548
Left:-0.07417107,1.492768,-0.2061119|-0.622266,0.5682099,0.2826948,0.4582644
Right:0.1357785,1.477836,-0.3085347|-0.6089078,-0.3338886,-0.04439157,0.7181777
Head:0.008630689,1.595929,-0.4371324|0.09013104,0.1107596,-0.1003525,0.9846513
Left:-0.0744065,1.492845,-0.2062262|-0.622556,0.5680152,0.2830896,0.457868
Right:0.1356316,1.477874,-0.3084685|-0.6085959,-0.3338603,-0.04475109,0.7184328
Head:0.008515891,1.59588,-0.4371659|0.09021994,0.1107135,-0.1002841,0.9846553
Left:-0.07467425,1.492904,-0.2061279|-0.6226141,0.5680141,0.2835235,0.4575216
Right:0.1355339,1.477832,-0.3082283|-0.6084003,-0.3338765,-0.04492685,0.7185799
Head:0.008446459,1.595879,-0.4371479|0.0903837,0.1106933,-0.1003641,0.9846344
Left:-0.07495999,1.492846,-0.206399|-0.6220808,0.5684094,0.283875,0.4575382
Right:0.1352973,1.477689,-0.3081983|-0.6082511,-0.3340889,-0.04488143,0.7186104
Head:0.008254293,1.595935,-0.4371085|0.09050647,0.1107602,-0.1003241,0.9846197
Left:-0.0751133,1.492969,-0.2065603|-0.6215498,0.5688697,0.2837501,0.4577654
Right:0.135047,1.477704,-0.3081256|-0.6079368,-0.3344362,-0.0445522,0.7187353
Head:0.008230485,1.595968,-0.4370263|0.09068094,0.1107084,-0.100431,0.9845985
Left:-0.07533264,1.493074,-0.2066649|-0.6214673,0.5691615,0.2836084,0.4576024
Right:0.1347851,1.477646,-0.3079038|-0.607682,-0.3346742,-0.04410887,0.7188673
Head:0.008153919,1.595983,-0.4369984|0.09086509,0.1106589,-0.10045,0.9845852
Left:-0.07558763,1.493209,-0.2070023|-0.6220596,0.5689606,0.2835738,0.4570685
Right:0.1346133,1.477612,-0.3077809|-0.6075736,-0.3349473,-0.04414129,0.7188298
Head:0.008106727,1.595989,-0.4370372|0.09105207,0.1104055,-0.1005245,0.9845887
Left:-0.07593226,1.493335,-0.2072459|-0.6230269,0.5682628,0.2839657,0.4563753
Right:0.1343904,1.477586,-0.3076344|-0.6074674,-0.3351358,-0.04404925,0.7188373
Head:0.007952839,1.595977,-0.4370778|0.09128375,0.1103498,-0.1004094,0.9845853
Left:-0.07631671,1.493508,-0.2076184|-0.6239145,0.567459,0.2846302,0.4557485
Right:0.1341975,1.477574,-0.3076181|-0.607488,-0.3353065,-0.04426842,0.7187268
Head:0.007823493,1.596056,-0.4369795|0.09158073,0.1102647,-0.100481,0.9845599
Left:-0.07721841,1.493671,-0.208015|-0.6251166,0.5658999,0.285955,0.4552101
Right:0.1337843,1.477494,-0.3074887|-0.6074351,-0.3356,-0.04473615,0.7186055
Head:0.007929221,1.596006,-0.4366935|0.09199879,0.110352,-0.1008512,0.9844733
Left:-0.07760727,1.493716,-0.2081863|-0.626183,0.5647239,0.2873463,0.4543279
Right:0.1337605,1.477294,-0.3071836|-0.6072121,-0.3357578,-0.04538386,0.7186797
Head:0.007898737,1.596116,-0.4365563|0.09221003,0.11036,-0.1008632,0.9844515
Left:-0.07868135,1.494052,-0.2086309|-0.6274572,0.5631217,0.2905546,0.4525145
Right:0.1335428,1.477299,-0.3070228|-0.6072159,-0.3359304,-0.04590639,0.7185625
Head:0.007804185,1.596201,-0.4364125|0.09247964,0.1104179,-0.100728,0.9844335
Left:-0.07969165,1.494502,-0.2091707|-0.6280374,0.5617666,0.2943423,0.4509434
Right:0.1334782,1.477417,-0.3067744|-0.6072732,-0.336148,-0.04643825,0.7183782
Head:0.007667117,1.596332,-0.4363022|0.09280033,0.110213,-0.1004648,0.9844532
Left:-0.08077478,1.494871,-0.2097858|-0.6283189,0.5606441,0.298282,0.4493566
Right:0.1331885,1.477516,-0.3066826|-0.6073049,-0.3364522,-0.04677245,0.7181873
Head:0.007374272,1.596336,-0.4362626|0.09297094,0.1099829,-0.0999069,0.9845196
Left:-0.08205009,1.495323,-0.2103958|-0.6277577,0.5596585,0.3034872,0.4478819
Right:0.1327789,1.477368,-0.3066846|-0.6073309,-0.3368357,-0.04721767,0.7179564
Head:0.007193159,1.596436,-0.4361907|0.0933286,0.1095304,-0.09941453,0.9845861
Left:-0.08337665,1.495541,-0.211226|-0.6277722,0.5584202,0.3075126,0.44666
Right:0.1325401,1.477335,-0.3065106|-0.607134,-0.3373134,-0.04788643,0.7178543
Head:0.006865282,1.59655,-0.4362685|0.09363703,0.1087786,-0.09873296,0.9847087
Left:-0.08467317,1.495927,-0.2124946|-0.6285767,0.5576528,0.3090063,0.4454547
Right:0.1320205,1.477481,-0.3063422|-0.6064022,-0.3378446,-0.04833888,0.7181928
Head:0.006685805,1.596653,-0.4361547|0.0941816,0.1081764,-0.09828009,0.9847684
Left:-0.08561826,1.49611,-0.2134259|-0.6291735,0.5572385,0.3098046,0.4445751
Right:0.1316562,1.477437,-0.3061239|-0.6058947,-0.3385869,-0.04871248,0.7182462
Head:0.006453227,1.596654,-0.4361677|0.09475157,0.1073095,-0.09772114,0.9848642
Left:-0.08619785,1.496192,-0.2144663|-0.6296643,0.5576431,0.308446,0.4443176
Right:0.1312538,1.477491,-0.3057312|-0.6053486,-0.3395928,-0.04914414,0.7182024
Head:0.006120794,1.596662,-0.4362381|0.0953716,0.1067101,-0.09722109,0.984919
Left:-0.08669937,1.496026,-0.2154133|-0.6299821,0.5584389,0.3061891,0.4444287
Right:0.1307247,1.477564,-0.3055522|-0.6046652,-0.3405426,-0.04920233,0.7183245
Head:0.00574974,1.596482,-0.4364504|0.09581387,0.1060588,-0.09669242,0.9849984
Left:-0.0870775,1.495862,-0.2162273|-0.6300594,0.5589776,0.3039104,0.4452052
Right:0.1300107,1.477421,-0.3053426|-0.6038477,-0.3417086,-0.0492539,0.7184548
Head:0.005473979,1.5964,-0.4365076|0.09628421,0.1052242,-0.09641604,0.9850692
Left:-0.08762372,1.495512,-0.2170739|-0.6301663,0.5589705,0.3025265,0.4460047
Right:0.1293957,1.477426,-0.3050708|-0.6028503,-0.3433242,-0.04954582,0.7185022
Head:0.00535509,1.59625,-0.4366095|0.09679335,0.1044212,-0.09627448,0.9851186
Left:-0.08788955,1.495153,-0.2175328|-0.6304847,0.5587727,0.3015966,0.4464321
Right:0.1289567,1.477362,-0.3048207|-0.6018884,-0.3447814,-0.04959068,0.7186077
Head:0.005257502,1.596229,-0.436605|0.09711353,0.1036687,-0.09602729,0.9851906
Left:-0.08829904,1.494915,-0.2179767|-0.6309486,0.5581481,0.3015932,0.4465603
Right:0.1285212,1.477369,-0.3049196|-0.6012973,-0.3463449,-0.04932411,0.718369
Head:0.005148459,1.596066,-0.4367166|0.09727655,0.1029013,-0.09579575,0.9852775
Left:-0.08837759,1.494999,-0.2180229|-0.6312708,0.5572636,0.3023531,0.4466959
Right:0.1283827,1.477619,-0.3047246|-0.6007748,-0.3475731,-0.04924013,0.7182187
Head:0.004988518,1.595928,-0.436903|0.09729668,0.1019172,-0.09558729,0.9853981
Left:-0.08869386,1.494772,-0.2180604|-0.6312208,0.5565172,0.3036015,0.4468501
Right:0.1280811,1.477745,-0.3047913|-0.6006035,-0.3484984,-0.04915847,0.7179191
Head:0.004890926,1.595846,-0.4369636|0.09759626,0.1008568,-0.0954089,0.9854949
Left:-0.08903039,1.494569,-0.2180291|-0.6308834,0.5559922,0.3046184,0.447288
Right:0.1278925,1.477886,-0.3049719|-0.6007433,-0.3491649,-0.04982185,0.7174323
Head:0.004723519,1.595701,-0.4370719|0.09769931,0.1000528,-0.09513694,0.9855928
Left:-0.08904803,1.494333,-0.2177193|-0.6299634,0.5557873,0.3050434,0.4485478
Right:0.1276968,1.478048,-0.3050418|-0.6008225,-0.3500476,-0.05063288,0.7168789
Head:0.004552707,1.5956,-0.4371471|0.09794474,0.09891894,-0.09503427,0.9856929
Left:-0.08920622,1.494145,-0.21776|-0.6292576,0.555962,0.3049895,0.4493579
Right:0.127445,1.478351,-0.3052946|-0.6010854,-0.3504392,-0.05162427,0.7163964
Head:0.004387904,1.595393,-0.4372653|0.09796976,0.09784501,-0.09500238,0.9858006
Left:-0.08917975,1.493799,-0.2173855|-0.6282468,0.5566745,0.3043497,0.450323
Right:0.1273443,1.478468,-0.3053885|-0.6015052,-0.3505379,-0.05247288,0.7159339
Head:0.004219804,1.595223,-0.4372545|0.09825281,0.09666831,-0.09494047,0.9858945
Left:-0.08916688,1.493373,-0.2173049|-0.6279025,0.5568659,0.3028188,0.4515968
Right:0.1270739,1.478529,-0.3054084|-0.6018318,-0.3509642,-0.05320774,0.715396
Head:0.004180118,1.59503,-0.4375076|0.09831512,0.09524702,-0.09505592,0.9860155
Left:-0.0889039,1.49296,-0.2172233|-0.6279174,0.5569426,0.3007632,0.4528533
Right:0.1268802,1.478519,-0.3054754|-0.6018564,-0.3515623,-0.05367528,0.7150468
Head:0.004065014,1.594807,-0.4376309|0.0984086,0.0941481,-0.09519695,0.9860981
Left:-0.08876014,1.492463,-0.2175733|-0.6279534,0.5568696,0.2990785,0.4540077
Right:0.1266915,1.478413,-0.3058389|-0.6020283,-0.3523944,-0.05422248,0.7144509
Head:0.00407346,1.594588,-0.4377095|0.09850521,0.09325854,-0.09543766,0.9861497
Left:-0.0886445,1.492135,-0.2176808|-0.6277515,0.556816,0.2982213,0.4549154
Right:0.1265398,1.478276,-0.3058869|-0.6018237,-0.3530479,-0.05432211,0.7142931
Head:0.004077397,1.594428,-0.4377746|0.09879144,0.09240182,-0.09579784,0.9861668
Left:-0.08863938,1.491839,-0.2177255|-0.6272004,0.5569634,0.2982295,0.4554893
Right:0.1263514,1.478048,-0.3058585|-0.6014364,-0.3535209,-0.05389995,0.7144172
Head:0.004114013,1.594262,-0.4378398|0.0989594,0.09169856,-0.09604427,0.9861916
Left:-0.0886966,1.491555,-0.2176752|-0.6265236,0.5571377,0.2985452,0.4560008
Right:0.1262,1.477839,-0.3058758|-0.6014619,-0.3538675,-0.05360854,0.7142461
Head:0.004252348,1.594082,-0.4378304|0.09922018,0.09123548,-0.09643386,0.9861704
Left:-0.08891332,1.491328,-0.2176951|-0.6258698,0.557262,0.2995484,0.4560886
Right:0.1260792,1.477643,-0.3058909|-0.6013848,-0.354351,-0.05401587,0.7140406
Head:0.004347969,1.593979,-0.4378075|0.09945551,0.09111197,-0.09670742,0.9861313
Left:-0.08901572,1.491076,-0.2176801|-0.6253212,0.5574366,0.3002106,0.4561923
Right:0.1261615,1.477385,-0.3058875|-0.601204,-0.3543785,-0.05475827,0.7141227
Head:0.004486606,1.593868,-0.43783|0.09956837,0.09117551,-0.09694958,0.9860902
Left:-0.0891583,1.490848,-0.2175118|-0.6247249,0.5578913,0.3009885,0.4559409
Right:0.1262064,1.477197,-0.3058889|-0.6011102,-0.35435,-0.05579812,0.7141353
Head:0.004748289,1.59379,-0.4378061|0.09955952,0.09173807,-0.09734452,0.9860001
Left:-0.08917594,1.490501,-0.2175602|-0.6240568,0.5583848,0.301352,0.4560115
Right:0.1264534,1.477015,-0.3059314|-0.6010182,-0.354083,-0.05689891,0.7142584
Head:0.004972465,1.593725,-0.4377267|0.09948791,0.09220666,-0.09762628,0.9859357
Left:-0.0889895,1.490274,-0.217321|-0.623224,0.5590847,0.3011964,0.4563955
Right:0.1266937,1.47676,-0.3059138|-0.6009376,-0.3535561,-0.05733804,0.7145519
Head:0.005246669,1.593704,-0.437625|0.099522,0.092863,-0.0977249,0.9858609
Left:-0.08870876,1.490038,-0.2169317|-0.6223945,0.559763,0.300797,0.4569592
Right:0.1268946,1.476604,-0.3057605|-0.6007792,-0.3529665,-0.05770147,0.7149472
Head:0.005492877,1.593703,-0.4375521|0.09945966,0.09390962,-0.09777368,0.9857632
Left:-0.08820057,1.489723,-0.2165601|-0.6220161,0.5602084,0.2994142,0.4578359
Right:0.1271629,1.476352,-0.3057435|-0.6004183,-0.3527665,-0.05818341,0.71531
Head:0.005774632,1.593683,-0.4373182|0.09939799,0.09492772,-0.09771632,0.9856776
Left:-0.08753729,1.489464,-0.2158805|-0.6214893,0.5612081,0.2972216,0.4587547
Right:0.127401,1.476104,-0.305709|-0.5998079,-0.3525302,-0.05818584,0.7159382
Head:0.00611509,1.593658,-0.4371206|0.09929492,0.09576,-0.09783609,0.9855956
Left:-0.08698142,1.489211,-0.2151605|-0.6205086,0.562449,0.2959385,0.4593916
Right:0.1276195,1.475891,-0.3055251|-0.5993651,-0.3522861,-0.05834118,0.7164163
Head:0.00642778,1.593599,-0.4368511|0.0992416,0.09671085,-0.09783769,0.985508
Left:-0.08633161,1.488971,-0.21428|-0.6193095,0.5637785,0.294649,0.4602081
Right:0.1278138,1.475616,-0.3054386|-0.5988224,-0.3524646,-0.05826119,0.7167888
Head:0.006703369,1.593539,-0.4365216|0.09915935,0.09776151,-0.09783971,0.9854124
Left:-0.08552611,1.488751,-0.2130989|-0.6179852,0.5652058,0.2932814,0.4611103
Right:0.1281347,1.475284,-0.3053466|-0.5980991,-0.3526157,-0.05819068,0.7173238
Head:0.006996728,1.593435,-0.4362437|0.09897909,0.09860722,-0.0980005,0.9853303
Left:-0.08477974,1.488594,-0.2118641|-0.6166733,0.5666234,0.2917961,0.4620682
Right:0.1284072,1.475029,-0.3052752|-0.5975496,-0.3526857,-0.05822655,0.7177444
Head:0.007190742,1.593443,-0.4360763|0.09869565,0.09953903,-0.09825385,0.9852397
Left:-0.08391345,1.488386,-0.2105511|-0.6155508,0.5679209,0.28965,0.4633205
Right:0.1287391,1.474705,-0.3054477|-0.5970746,-0.3530195,-0.05833981,0.7179663
Head:0.007502593,1.593345,-0.4356166|0.09841756,0.1004091,-0.09851342,0.9851534
Left:-0.08322024,1.488526,-0.2089261|-0.614994,0.5690083,0.2863839,0.464754
Right:0.1290168,1.47467,-0.3056983|-0.596057,-0.3537088,-0.05878554,0.7184361
Head:0.007767659,1.59318,-0.4352202|0.09806278,0.1013363,-0.09890525,0.9850546
Left:-0.08237004,1.488428,-0.206925|-0.6146227,0.569777,0.2821024,0.4669169
Right:0.1292939,1.474377,-0.305807|-0.5955777,-0.3536405,-0.05881782,0.7188644
Head:0.008132733,1.593068,-0.4347044|0.09779185,0.1019673,-0.09940806,0.9849657
Left:-0.08124614,1.48853,-0.2044798|-0.6141284,0.5704047,0.2768238,0.4699504
Right:0.1298492,1.474188,-0.3059181|-0.5952486,-0.3528786,-0.05882355,0.7195107
Head:0.008506034,1.592916,-0.434113|0.09740815,0.1027024,-0.1000087,0.9848666
Left:-0.07999527,1.488557,-0.2015289|-0.6135053,0.571534,0.2704475,0.4730944
Right:0.1305683,1.473988,-0.3060083|-0.5946359,-0.3518803,-0.05916848,0.7204772
Head:0.008905262,1.592759,-0.4334593|0.0971026,0.1035605,-0.1007002,0.9847364
Left:-0.07876134,1.488614,-0.1984819|-0.6123278,0.5729744,0.2641982,0.4763973
Right:0.1313753,1.473825,-0.3061923|-0.5943176,-0.3509635,-0.05958288,0.7211527
Head:0.009192936,1.59263,-0.4328983|0.09666368,0.1043553,-0.1014478,0.984619
Left:-0.0772959,1.488713,-0.1943498|-0.6104761,0.5741737,0.2559296,0.4818128
Right:0.1322515,1.473601,-0.3065352|-0.5940462,-0.3501302,-0.05999206,0.7217471
Head:0.009607669,1.592427,-0.4320911|0.0966217,0.1054905,-0.1025687,0.984386
Left:-0.07591391,1.488901,-0.1900821|-0.6089069,0.5751277,0.2468419,0.4873702
Right:0.1329323,1.473526,-0.3070089|-0.5937271,-0.3491728,-0.06006815,0.7224669
Head:0.009980202,1.592126,-0.4313754|0.09653419,0.1067446,-0.1035477,0.9841568
Left:-0.07399404,1.488904,-0.1844649|-0.6067465,0.5768036,0.2345499,0.494108
Right:0.1337571,1.473091,-0.3075815|-0.5937956,-0.3476589,-0.05983018,0.72316
Head:0.01043449,1.591908,-0.4304658|0.09679412,0.1082991,-0.1047868,0.9838303
Left:-0.07188618,1.48873,-0.1774362|-0.6039245,0.5790905,0.219986,0.5015333
Right:0.134814,1.472658,-0.3082284|-0.593753,-0.3460565,-0.05953403,0.7239876
Head:0.01087622,1.591753,-0.4294736|0.09705925,0.10983,-0.1057767,0.9835284
Left:-0.06978011,1.488555,-0.1706876|-0.6016691,0.5805104,0.2071659,0.5080201
Right:0.135955,1.472072,-0.3089405|-0.5932504,-0.3443811,-0.05931072,0.7252158
Head:0.01133404,1.591634,-0.4284258|0.0974578,0.1113431,-0.106487,0.9832422
Left:-0.06745863,1.488552,-0.1627682|-0.600576,0.5807513,0.1929063,0.5146102
Right:0.137175,1.471391,-0.3096508|-0.5924069,-0.3424951,-0.0590757,0.7268159
Head:0.01170251,1.591602,-0.4272139|0.09798978,0.1129505,-0.1067647,0.9829758
Left:-0.06539154,1.488608,-0.1539732|-0.6008717,0.5797626,0.1785174,0.5205383
Right:0.1384304,1.470494,-0.3105295|-0.5910681,-0.340752,-0.05877464,0.728747
Head:0.01213273,1.591597,-0.426001|0.09846213,0.1142909,-0.1067276,0.9827777
Left:-0.06334138,1.488739,-0.1453111|-0.6008521,0.578704,0.1647218,0.5262557
Right:0.1397465,1.469579,-0.31143|-0.5897512,-0.3388681,-0.05808325,0.730745
Head:0.01266364,1.591728,-0.4244834|0.09885099,0.1159006,-0.106681,0.9825552
Left:-0.06049001,1.489204,-0.1350948|-0.5996231,0.5773427,0.1516067,0.5330506
Right:0.1414057,1.468508,-0.3124937|-0.5883428,-0.3368562,-0.05687527,0.7329023
Head:0.01316744,1.591749,-0.4229757|0.09894333,0.1176753,-0.1066433,0.982339
Left:-0.05815279,1.489573,-0.1238561|-0.5961415,0.5768037,0.1390902,0.5408945
Right:0.1429906,1.467205,-0.3137227|-0.586942,-0.33444,-0.05481729,0.7352851
Head:0.01361355,1.591843,-0.4213507|0.09901047,0.1195799,-0.1064722,0.9821208
Left:-0.05535769,1.489799,-0.1128095|-0.5919038,0.5774018,0.1258177,0.5481122
Right:0.144784,1.465667,-0.3149172|-0.5855584,-0.3312243,-0.05160832,0.7380708
Head:0.01407878,1.591934,-0.4196113|0.09898354,0.1216121,-0.1065448,0.9818661
Left:-0.05237901,1.490095,-0.1003495|-0.5856034,0.5796024,0.1122287,0.5554588
Right:0.1464193,1.464319,-0.3161334|-0.584424,-0.3280939,-0.04849219,0.7405751
Head:0.01451181,1.592016,-0.417783|0.0987483,0.1241629,-0.1068603,0.9815361
Left:-0.04921651,1.490275,-0.08621442|-0.5787963,0.5817209,0.09431513,0.5636492
Right:0.1481166,1.462755,-0.317479|-0.5828782,-0.324729,-0.04419354,0.7435396
Head:0.01500808,1.592021,-0.4157647|0.09844894,0.127239,-0.1072214,0.9811329
Left:-0.04601443,1.490263,-0.07278156|-0.5729836,0.5825444,0.07556798,0.571508
Right:0.1498953,1.461172,-0.3189174|-0.5807589,-0.3211163,-0.0393362,0.7470315
Head:0.01564111,1.592048,-0.4135278|0.09815002,0.1311453,-0.1076398,0.9806024
Left:-0.04200637,1.489968,-0.05803525|-0.5667588,0.5828378,0.05172016,0.5800083
Right:0.151718,1.459589,-0.3203678|-0.5785797,-0.3169454,-0.03461565,0.7507284
Head:0.01612498,1.592102,-0.4111996|0.09776968,0.135422,-0.1077865,0.9800429
Left:-0.03823316,1.489585,-0.04231608|-0.5602403,0.5828438,0.02666643,0.5879736
Right:0.1536647,1.458028,-0.3221258|-0.5763124,-0.3124994,-0.0304246,0.7545081
Head:0.01672039,1.592081,-0.4085398|0.09760936,0.1400768,-0.1078404,0.9793985
Left:-0.03446209,1.489234,-0.02590001|-0.5530638,0.5832408,0.003826276,0.5949252
Right:0.1554464,1.456591,-0.3239006|-0.5741324,-0.3078545,-0.02623483,0.7582278
Head:0.01746077,1.592083,-0.4054164|0.09717701,0.1460727,-0.10818,0.9785277
Left:-0.03060067,1.489093,-0.009524226|-0.5453696,0.5831412,-0.01673299,0.6018625
Right:0.1575459,1.455296,-0.3258969|-0.5717755,-0.3022262,-0.02309864,0.7623639
Head:0.01798441,1.592069,-0.4023541|0.09680718,0.1517485,-0.1081025,0.9777089
Left:-0.02727115,1.489087,0.008201003|-0.5358182,0.5829006,-0.03395651,0.6098956
Right:0.1595397,1.454021,-0.3282038|-0.5693013,-0.2966447,-0.02081898,0.7664623
Head:0.01855817,1.592033,-0.3989013|0.09650262,0.1579921,-0.1080481,0.9767556
Left:-0.02409828,1.489298,0.02646089|-0.5248668,0.5835724,-0.04705213,0.6178544
Right:0.161387,1.452793,-0.3306444|-0.5667741,-0.291145,-0.01844838,0.7704942
Head:0.01914399,1.592027,-0.3950793|0.09615167,0.1646785,-0.107838,0.9757084
Left:-0.02065122,1.489224,0.04465842|-0.5139328,0.5841325,-0.06057517,0.6252943
Right:0.1632015,1.451688,-0.3331581|-0.5644383,-0.2856085,-0.01595261,0.7743273
Head:0.01953024,1.591948,-0.3906968|0.09612629,0.1721585,-0.1073078,0.9744774
Left:-0.01751888,1.489265,0.06474483|-0.5028172,0.5839154,-0.07403089,0.633038
Right:0.1649239,1.450436,-0.3355602|-0.561995,-0.2801511,-0.01273296,0.7781484
Head:0.01987461,1.591817,-0.386083|0.09636534,0.1798609,-0.1071076,0.9730836
Left:-0.01431382,1.488958,0.08473063|-0.4935657,0.5828233,-0.09376682,0.6386844
Right:0.1665542,1.449268,-0.3381737|-0.5593992,-0.2738732,-0.00896573,0.7822951
Head:0.02018019,1.591614,-0.3813083|0.09672678,0.1878746,-0.1068956,0.9715557
Left:-0.01047909,1.487841,0.1051097|-0.4849597,0.5820989,-0.1185107,0.6418179
Right:0.1681979,1.448085,-0.340731|-0.5564063,-0.2665283,-0.004450129,0.7869911
Head:0.02041571,1.591318,-0.3762558|0.09755112,0.1957906,-0.1061554,0.9699901
Left:-0.006778836,1.486446,0.1262714|-0.4774065,0.5805334,-0.1478,0.6428212
Right:0.1699276,1.446877,-0.3433311|-0.5531988,-0.258082,0.000422864,0.7920635
Head:0.02046945,1.590959,-0.3707691|0.09891685,0.2035025,-0.1049206,0.9683976
Left:-0.002781987,1.484836,0.147766|-0.4693619,0.5782883,-0.1785283,0.6429695
Right:0.1715113,1.445582,-0.3457462|-0.5498941,-0.2492919,0.005652264,0.7971437
Head:0.0204345,1.590526,-0.3650269|0.1004344,0.2109252,-0.1031786,0.966839
Left:0.0009762049,1.48317,0.1689665|-0.4592583,0.5757828,-0.2055947,0.6444274
Right:0.1730391,1.444356,-0.3483688|-0.5467375,-0.2406674,0.01046749,0.8019027
Head:0.02043533,1.590036,-0.3588088|0.1025007,0.2178264,-0.1011709,0.9653029
Left:0.005039096,1.481964,0.1913738|-0.4467785,0.5735964,-0.2287595,0.6473371
Right:0.1743342,1.443146,-0.3510904|-0.543076,-0.2323218,0.01490833,0.8067669
Head:0.02023432,1.58961,-0.3524678|0.1042678,0.2241696,-0.09905617,0.9638797
Left:0.009199619,1.480702,0.2130771|-0.4344408,0.5723994,-0.2482445,0.6496112
Right:0.1752856,1.441736,-0.3538059|-0.5386685,-0.2246219,0.01940073,0.8117912
Head:0.01984598,1.589172,-0.3456568|0.1061119,0.2297438,-0.0972739,0.9625466
Left:0.0128665,1.480065,0.2345381|-0.4224285,0.5735538,-0.2592514,0.6522108
Right:0.176298,1.440395,-0.3565217|-0.53454,-0.2169721,0.02410015,0.8164614
Head:0.01954611,1.588674,-0.3384086|0.1080352,0.2347286,-0.09571038,0.9612858
Left:0.01616693,1.479896,0.2552015|-0.4128859,0.5763292,-0.2648392,0.6536285
Right:0.176976,1.43894,-0.3591901|-0.5297031,-0.2093532,0.02860538,0.8214424
Head:0.01912511,1.588203,-0.3314678|0.109449,0.2391755,-0.09446871,0.9601519
Left:0.01940823,1.47978,0.2755718|-0.4050519,0.5783745,-0.2715371,0.6539752
Right:0.1776397,1.437441,-0.3618363|-0.5245026,-0.2006813,0.0334613,0.8267432
Head:0.01832316,1.587607,-0.3240082|0.110936,0.2427733,-0.09296948,0.9592242
Left:0.02212,1.479929,0.2951391|-0.4031397,0.5804843,-0.2772983,0.6508625
Right:0.1783748,1.435952,-0.3644706|-0.5195513,-0.1916577,0.03846648,0.8317777
Head:0.0176161,1.587087,-0.3164238|0.1121874,0.2461292,-0.09128856,0.9583845
Left:0.02480674,1.47947,0.3149385|-0.3967268,0.5794207,-0.2912365,0.6496621
Right:0.1787062,1.434585,-0.3669916|-0.514595,-0.181574,0.04450388,0.8368049
Head:0.01686762,1.586533,-0.3085913|0.1131149,0.2489404,-0.08959043,0.9577094
Left:0.02676249,1.478842,0.334886|-0.3881841,0.5719029,-0.3207199,0.6475947
Right:0.1790656,1.433043,-0.3695358|-0.5101335,-0.1705921,0.0515457,0.8414304
Head:0.01606613,1.585896,-0.3007039|0.1136025,0.2513181,-0.08766723,0.9572085
Left:0.02893531,1.477878,0.3548911|-0.3781297,0.567897,-0.342414,0.6459594
Right:0.1794157,1.431474,-0.3720244|-0.5057779,-0.1599978,0.05855528,0.8456718
Head:0.01537496,1.585232,-0.2925493|0.1134229,0.2535433,-0.08594701,0.956799
Left:0.03066576,1.475578,0.3755738|-0.3585255,0.5615661,-0.377349,0.6432036
Right:0.1790414,1.429858,-0.3742796|-0.5018256,-0.1474622,0.06630784,0.849723
Head:0.01470321,1.584517,-0.2848381|0.1127809,0.2555622,-0.084521,0.9564647
Left:0.03283894,1.472982,0.3949499|-0.343403,0.5586411,-0.4019248,0.6391016
Right:0.1790935,1.428243,-0.37664|-0.4975516,-0.1356587,0.07223211,0.8537105
Head:0.01387513,1.583728,-0.276869|0.1119837,0.2574224,-0.08363369,0.9561375
Left:0.03491044,1.471168,0.4123015|-0.33009,0.5587601,-0.4225439,0.6326804
Right:0.179389,1.426914,-0.378126|-0.4932206,-0.1239408,0.0754512,0.8577175
Head:0.01314423,1.582684,-0.268884|0.1115829,0.2583467,-0.0836174,0.9559364
Left:0.03669953,1.469939,0.4283419|-0.3199029,0.5620956,-0.4344991,0.6268343
Right:0.1791073,1.42527,-0.3804165|-0.489099,-0.1125853,0.07623215,0.8615656
Head:0.01243788,1.581638,-0.2613848|0.1113156,0.2590771,-0.08326727,0.9558005
Left:0.03860402,1.468699,0.4429547|-0.3130586,0.5657573,-0.4379067,0.6246204
Right:0.17856,1.423451,-0.3829082|-0.4850058,-0.1013753,0.0776678,0.8651359
Head:0.01142101,1.580254,-0.2540281|0.1109292,0.2586126,-0.08357513,0.9559443
Left:0.04016566,1.468281,0.4578918|-0.3068386,0.567817,-0.4406588,0.623902
Right:0.1779019,1.421805,-0.3847874|-0.4814231,-0.09018973,0.07777977,0.8683593
Head:0.01065329,1.578889,-0.2465916|0.110244,0.2585096,-0.08439801,0.9559791
Left:0.04138839,1.468276,0.4699954|-0.3023651,0.569725,-0.4361222,0.6275238
Right:0.1769499,1.420103,-0.3865633|-0.4777699,-0.0790389,0.07894288,0.8713534
Head:0.01013074,1.577429,-0.2395097|0.109015,0.2581657,-0.08506342,0.956154
Left:0.04091346,1.469084,0.4816262|-0.2966627,0.5692984,-0.4351098,0.6313239
Right:0.1758062,1.418714,-0.388242|-0.4739223,-0.06811076,0.0807756,0.8742048
Head:0.00965029,1.575805,-0.2325544|0.1078785,0.2574485,-0.08458663,0.9565185
Left:0.04075658,1.468556,0.4931135|-0.2882676,0.5653533,-0.4401718,0.6352372
Right:0.1746787,1.41722,-0.3896133|-0.4700337,-0.05736863,0.08550588,0.8766219
Head:0.00934843,1.574109,-0.2256516|0.1074029,0.2568962,-0.08324299,0.9568383
Left:0.04004276,1.467747,0.5040671|-0.2781314,0.5605798,-0.4495961,0.6373826
Right:0.1731473,1.41575,-0.3907387|-0.4655119,-0.04761978,0.09223791,0.878933
Head:0.009247895,1.572348,-0.2191981|0.1076298,0.2562396,-0.08129645,0.9571562
Left:0.03892231,1.466403,0.5125657|-0.2655647,0.5586178,-0.4599681,0.6370643
Right:0.1713135,1.414598,-0.3916196|-0.4604154,-0.03934415,0.09928138,0.8812565
Head:0.008914538,1.570449,-0.2133186|0.1083179,0.2558012,-0.07981133,0.9573208
Left:0.03896356,1.464923,0.5197979|-0.2503451,0.5603811,-0.4666842,0.6367937
Right:0.1695794,1.413262,-0.3925391|-0.4554271,-0.0315237,0.1060041,0.8833774
Head:0.008844584,1.568673,-0.20748|0.1098589,0.255602,-0.07939867,0.9572327
Left:0.03895736,1.463905,0.5280128|-0.2368566,0.5622432,-0.4707224,0.6373397
Right:0.1673326,1.412218,-0.3928516|-0.4501807,-0.02549371,0.1117548,0.8855497
Head:0.008968379,1.566922,-0.202239|0.1115556,0.2550658,-0.0793976,0.9571796
Left:0.04003453,1.461948,0.5331272|-0.226824,0.563113,-0.4719061,0.6393428
Right:0.1655998,1.41125,-0.3935007|-0.4451997,-0.0185575,0.115826,0.8877146
Head:0.008704644,1.565093,-0.1974512|0.1136342,0.2544696,-0.07862993,0.9571572
Left:0.04200685,1.461466,0.5390033|-0.2214598,0.5619946,-0.4735746,0.6409717
Right:0.1638278,1.41067,-0.3937277|-0.4413814,-0.01256139,0.1181708,0.8894157
Head:0.009042338,1.56327,-0.1924787|0.1161651,0.2539502,-0.07746775,0.9570861
Left:0.04567528,1.462563,0.5427278|-0.2339047,0.5591443,-0.4711189,0.6408535
Right:0.1619492,1.410346,-0.3939224|-0.4387936,-0.006883727,0.1194973,0.8905803
Head:0.00919633,1.561408,-0.188426|0.1174347,0.2536653,-0.07568894,0.957149
Left:0.04791212,1.462998,0.5463973|-0.2428787,0.558254,-0.468558,0.6401686
Right:0.1607174,1.409992,-0.393975|-0.4377273,-0.001577496,0.1204232,0.8910054
Head:0.009409796,1.559895,-0.184034|0.1183443,0.2534624,-0.07450399,0.9571837
Left:0.05400324,1.465611,0.5501087|-0.2583821,0.5588572,-0.4615252,0.6386797
Right:0.1597008,1.410022,-0.3938991|-0.4360906,0.004196805,0.1227195,0.891486
Head:0.00965425,1.558364,-0.1800084|0.1182889,0.2537818,-0.07365865,0.9571713
Left:0.05670393,1.466888,0.5519368|-0.2722051,0.5589001,-0.4559461,0.6369051
Right:0.1582294,1.41017,-0.3939363|-0.435417,0.008495077,0.1256848,0.8913715
Head:0.009931589,1.55687,-0.1761562|0.1185875,0.2536478,-0.07350192,0.957182
Left:0.05754352,1.468387,0.5533698|-0.2811063,0.5571059,-0.4522803,0.6372243
Right:0.1570063,1.410051,-0.3939548|-0.4343297,0.01320223,0.1291726,0.8913462
Head:0.009879047,1.555258,-0.1730707|0.1189824,0.2533017,-0.07379764,0.9572018
Left:0.05932093,1.468729,0.5560556|-0.2862015,0.5544553,-0.4514676,0.637844
Right:0.1564045,1.410317,-0.3932232|-0.4336708,0.01708069,0.1323311,0.8911377
Head:0.009820431,1.553896,-0.1701128|0.120103,0.2527929,-0.07381374,0.9571952
Left:0.06007063,1.468083,0.5590289|-0.2864162,0.5506329,-0.4527771,0.6401266
Right:0.1556885,1.410317,-0.3927664|-0.4328051,0.01948351,0.1344169,0.8911971
Head:0.009793963,1.552386,-0.1675175|0.1214372,0.2521041,-0.07367565,0.9572191
Left:0.06134808,1.467331,0.5618545|-0.2857044,0.5478969,-0.4529159,0.642689
Right:0.1550379,1.410208,-0.3921733|-0.4316398,0.02057781,0.1345961,0.8917105
Head:0.009872716,1.551053,-0.165076|0.1227929,0.25077,-0.07357318,0.9574045
Left:0.06159806,1.464888,0.5634172|-0.2808217,0.548288,-0.4501165,0.6464632
Right:0.1545756,1.410036,-0.3911914|-0.4305604,0.02211091,0.1349019,0.8921493
Head:0.009719979,1.549974,-0.1628902|0.1238378,0.2496078,-0.07354558,0.9575757
Left:0.06168568,1.463091,0.565733|-0.2786223,0.5511039,-0.4455248,0.6481988
Right:0.154178,1.409825,-0.3900532|-0.430061,0.02268965,0.1354672,0.8922899
Head:0.009879805,1.548953,-0.1609711|0.1249699,0.2478793,-0.07396048,0.9578456
Left:0.06258333,1.459858,0.5664748|-0.27696,0.5552486,-0.4419669,0.6478097
Right:0.15381,1.40963,-0.389169|-0.4298643,0.02320524,0.136118,0.8922724
Head:0.009525813,1.547872,-0.1597672|0.1254125,0.2460751,-0.07452659,0.958209
Left:0.06369007,1.457954,0.56724|-0.2767905,0.5586368,-0.4399031,0.6463723
Right:0.1532254,1.409104,-0.388293|-0.4306892,0.02221412,0.1370077,0.8917636
Head:0.009412197,1.547203,-0.1584084|0.1259791,0.2447831,-0.07528121,0.9584066
Left:0.06417406,1.455749,0.567443|-0.2761976,0.5640049,-0.4376319,0.6434997
Right:0.1530764,1.408832,-0.3869528|-0.4314261,0.02122093,0.1383967,0.8912169
Head:0.009542055,1.546683,-0.157331|0.1264852,0.2436577,-0.07628459,0.9585474
Left:0.06490266,1.452659,0.5673061|-0.2759795,0.5672821,-0.4365654,0.6414335
Right:0.1534226,1.408423,-0.3855249|-0.4319574,0.02112028,0.1403544,0.8906556
Head:0.009562913,1.546233,-0.1562955|0.1265097,0.2427006,-0.07724449,0.9587101
Left:0.06589901,1.451286,0.5673187|-0.2773757,0.568245,-0.4362744,0.6401758
Right:0.1538088,1.40819,-0.3840069|-0.4327144,0.02018262,0.1421127,0.8900309
Head:0.009216271,1.546118,-0.1558616|0.1260156,0.2422276,-0.07803257,0.958831
Left:0.06620574,1.450338,0.567391|-0.2799165,0.5687066,-0.4351142,0.6394491
Right:0.1540986,1.407863,-0.3825991|-0.4336175,0.01882774,0.1431791,0.88945
Head:0.009042751,1.5458,-0.1552272|0.1259228,0.2417925,-0.07816005,0.9589426
Left:0.0662185,1.449111,0.5670709|-0.2821588,0.5689468,-0.4330554,0.6396475
Right:0.1545224,1.407608,-0.3810073|-0.4346188,0.01777538,0.1439682,0.8888553
Head:0.008972485,1.54566,-0.1546651|0.125933,0.2410424,-0.07771541,0.9591662
Left:0.06667781,1.449088,0.5668833|-0.2851646,0.5683497,-0.4300403,0.6408784
Right:0.1552575,1.407316,-0.3792922|-0.4358374,0.01712077,0.1437579,0.8883053
Head:0.00843459,1.545852,-0.1547242|0.1257726,0.2405712,-0.0770486,0.9593593
Left:0.06619358,1.449331,0.5669644|-0.2883999,0.568216,-0.4258742,0.6423295
Right:0.1558743,1.406937,-0.3776572|-0.4368781,0.01573571,0.1419278,0.8881139
Head:0.008330923,1.546012,-0.1544856|0.1259274,0.2402874,-0.07685551,0.9594256
Left:0.06503868,1.449732,0.5662195|-0.2916591,0.568523,-0.4218151,0.6432641
Right:0.1563617,1.40655,-0.3759886|-0.437928,0.01410163,0.1400348,0.8879248
Head:0.008218914,1.546179,-0.1543364|0.1259572,0.2397124,-0.07670288,0.9595778
Left:0.06458962,1.450223,0.5660763|-0.2936575,0.5689899,-0.4198733,0.6432124
Right:0.1570599,1.406373,-0.3740282|-0.4394293,0.01134006,0.1370006,0.887696
Head:0.00768473,1.546663,-0.1547576|0.1254331,0.2393994,-0.07594176,0.959785
Left:0.06361413,1.450456,0.5662527|-0.2947844,0.5689488,-0.4189951,0.643306
Right:0.157652,1.405883,-0.3723179|-0.4405793,0.009137352,0.1350871,0.8874446
Head:0.007793952,1.547163,-0.1546938|0.125208,0.2390268,-0.07524877,0.9599619
Left:0.06191909,1.450522,0.5657994|-0.2936263,0.5677379,-0.4207811,0.6437395
Right:0.1579331,1.405508,-0.3706238|-0.4415943,0.006472029,0.1341075,0.887112
Head:0.007703308,1.547519,-0.1547103|0.1245681,0.2383165,-0.07460271,0.9602721
Left:0.061095,1.450923,0.5654988|-0.2920647,0.5672716,-0.4216782,0.6442738
Right:0.1582463,1.405247,-0.36893|-0.4426578,0.003825303,0.1336848,0.8866611
Head:0.007329436,1.548067,-0.1553549|0.1234148,0.2375612,-0.07376003,0.9606732
Left:0.05940521,1.45172,0.565124|-0.2894288,0.5676492,-0.4218163,0.6450399
Right:0.1584414,1.404711,-0.3669833|-0.4430821,0.000211432,0.134353,0.8863563
Head:0.007526508,1.548592,-0.1556885|0.1229759,0.2363712,-0.07326499,0.9610608
Left:0.05811,1.451828,0.5640767|-0.2896198,0.5681281,-0.4210984,0.6450016
Right:0.1586307,1.4044,-0.365369|-0.4435446,-0.0031479,0.1346001,0.8860819
Head:0.00744595,1.548964,-0.156339|0.1224571,0.2349959,-0.07312358,0.961475
Left:0.05740452,1.45365,0.5622746|-0.2925351,0.5690655,-0.4174393,0.645238
Right:0.1588297,1.404257,-0.3637846|-0.4438715,-0.006719414,0.134776,0.8858715
Head:0.00744595,1.548964,-0.156339|0.1224571,0.2349959,-0.07312358,0.961475
Left:0.05740452,1.45365,0.5622746|-0.2925351,0.5690655,-0.4174393,0.645238
Right:0.1588297,1.404257,-0.3637846|-0.4438715,-0.006719414,0.134776,0.8858715
Head:0.006996464,1.549533,-0.1574738|0.1217004,0.2335428,-0.0730445,0.961931
Left:0.05659223,1.455387,0.5606749|-0.2958759,0.5692776,-0.4134729,0.646081
Right:0.1591772,1.404081,-0.362426|-0.4443382,-0.01076713,0.1339273,0.8857263
Head:0.007034622,1.54995,-0.1582467|0.1215564,0.2320015,-0.07334316,0.9622994
Left:0.05535376,1.45777,0.5580928|-0.3029311,0.568332,-0.4064279,0.648111
Right:0.1593771,1.404055,-0.3611094|-0.4453894,-0.01474324,0.1324024,0.8853703
Head:0.006897312,1.550317,-0.1591926|0.1216531,0.2301937,-0.07365674,0.9626973
Left:0.05478239,1.460847,0.5554935|-0.3103439,0.5671874,-0.3962774,0.6518815
Right:0.1596568,1.404032,-0.3600883|-0.4468197,-0.01836661,0.1300959,0.8849237
Head:0.006386351,1.550947,-0.160818|0.1213671,0.2282428,-0.07380483,0.9631864
Left:0.05410981,1.464261,0.5525295|-0.3186071,0.5660882,-0.3829035,0.6568246
Right:0.1600585,1.404069,-0.3590075|-0.4481512,-0.02193702,0.1278729,0.8844929
Head:0.006454851,1.551554,-0.1621253|0.1215609,0.2262394,-0.07440327,0.9635885
Left:0.05277193,1.468013,0.5490259|-0.3264232,0.565002,-0.3693449,0.6616684
Right:0.1605469,1.404533,-0.3583727|-0.4502415,-0.02539972,0.1246125,0.8838038
Head:0.006354149,1.552112,-0.1637447|0.1212087,0.2240759,-0.07478271,0.9641089
Left:0.05223012,1.471599,0.5450052|-0.3343071,0.5648782,-0.3518173,0.667365
Right:0.1610832,1.4047,-0.3575146|-0.4519446,-0.02880989,0.1221684,0.883171
Head:0.005950965,1.552895,-0.1656828|0.1204313,0.222175,-0.07487684,0.9646388
Left:0.05188692,1.475307,0.5406336|-0.3418351,0.5658239,-0.3323925,0.6726867
Right:0.1620088,1.405049,-0.3569614|-0.4536794,-0.03250212,0.1198625,0.8824691
Head:0.005843434,1.553661,-0.1675816|0.1196624,0.2201313,-0.07509742,0.9651858
Left:0.05032992,1.478897,0.5350682|-0.3493758,0.5674611,-0.3129908,0.6767284
Right:0.1627272,1.405319,-0.356101|-0.4552657,-0.03618103,0.1179279,0.8817693
Head:0.00569766,1.554488,-0.1696399|0.1190463,0.2180448,-0.07524864,0.9657236
Left:0.04965949,1.481919,0.5296474|-0.3559167,0.5698783,-0.2955218,0.6791383
Right:0.1634305,1.405554,-0.3555378|-0.4567856,-0.04036801,0.1167946,0.880952
Head:0.005463321,1.555345,-0.1717721|0.1184188,0.2162106,-0.07539409,0.9662017
Left:0.04861176,1.48434,0.5236961|-0.3622176,0.573149,-0.2785296,0.6802351
Right:0.164636,1.40563,-0.3547527|-0.4580804,-0.04461499,0.115502,0.880245
Head:0.005307168,1.556273,-0.1741152|0.1181617,0.2141924,-0.07525147,0.9666937
Left:0.04770708,1.486864,0.5178025|-0.3680382,0.5761423,-0.2625598,0.6809335
Right:0.1655703,1.405953,-0.3540987|-0.4592088,-0.04903961,0.1143426,0.8795727
Head:0.005153801,1.557246,-0.1766554|0.1181443,0.211903,-0.07489275,0.9672281
Left:0.04679096,1.4892,0.5113862|-0.3732413,0.5793505,-0.2465045,0.6813806
Right:0.1665417,1.406272,-0.3532951|-0.4604169,-0.05358317,0.1125492,0.8789072
Head:0.00481095,1.55831,-0.1794424|0.1178832,0.2099258,-0.07442043,0.9677274
Left:0.0466826,1.49155,0.5047716|-0.3780038,0.5824983,-0.2304059,0.6817052
Right:0.1673782,1.406872,-0.352156|-0.4617875,-0.0586484,0.1101993,0.8781622
Head:0.004768711,1.559413,-0.1822987|0.1179254,0.2081365,-0.07382924,0.968154
Left:0.04477179,1.492738,0.4964899|-0.3844764,0.5844325,-0.2147833,0.6815311
Right:0.168496,1.407425,-0.3510286|-0.4635498,-0.06317041,0.107823,0.8772146
Head:0.004687537,1.560502,-0.1854243|0.1174836,0.2063247,-0.07376181,0.9686005
Left:0.06111908,1.501858,0.4960304|-0.389598,0.5882723,-0.1986139,0.6802217
Right:0.1698117,1.408253,-0.3498051|-0.4660611,-0.06789228,0.1051774,0.8758513
Head:0.004460212,1.5618,-0.1888236|0.1169562,0.2045322,-0.07402574,0.9690242
Left:0.0599066,1.503309,0.4878778|-0.3961949,0.5912054,-0.1806865,0.6788654
Right:0.1711408,1.409052,-0.3487341|-0.4689914,-0.07334425,0.1026738,0.8741429
Head:0.004572075,1.56317,-0.191943|0.1166775,0.2026037,-0.07431585,0.9694407
Left:0.06457341,1.506275,0.4801058|-0.4031636,0.5944796,-0.1632056,0.6763262
Right:0.1722722,1.40996,-0.3473988|-0.4719788,-0.0790126,0.1000892,0.872339
Head:0.004513033,1.56443,-0.1953889|0.1160045,0.2007783,-0.07447361,0.969889
Left:0.06340301,1.507248,0.4695034|-0.4111967,0.5978534,-0.1456434,0.6725151
Right:0.1734856,1.410865,-0.3460436|-0.4745548,-0.0844641,0.09731255,0.8707433
Head:0.004285078,1.565852,-0.1991258|0.1152233,0.1990192,-0.0745306,0.9703403
Left:0.06220341,1.50832,0.4595576|-0.4184333,0.6004143,-0.1275375,0.6694403
Right:0.1747875,1.411839,-0.3446952|-0.4771199,-0.09067515,0.09440732,0.869035
Head:0.004479971,1.567276,-0.2027713|0.1147642,0.1971799,-0.07482587,0.9707474
Left:0.06184196,1.509324,0.4485869|-0.4245587,0.6026182,-0.1098988,0.666726
Right:0.1759574,1.412782,-0.3431442|-0.4795229,-0.09701733,0.09154728,0.8673319
Head:0.004356274,1.568486,-0.2067841|0.1144672,0.1954922,-0.07510764,0.9711019
Left:0.06034338,1.509846,0.4372787|-0.4310951,0.6045817,-0.09195387,0.6634625
Right:0.1772325,1.413865,-0.3411107|-0.4815968,-0.1049176,0.08902048,0.8655242
Head:0.004058056,1.569759,-0.2108345|0.1144314,0.1937254,-0.07528251,0.9714466
Left:0.05856466,1.510159,0.4257824|-0.4384024,0.6053247,-0.07342177,0.6602988
Right:0.1784742,1.41468,-0.3391126|-0.4834591,-0.112288,0.087372,0.8637273
Head:0.003974296,1.571093,-0.2147674|0.1147843,0.1919148,-0.07550985,0.9717467
Left:0.05666292,1.510565,0.4128109|-0.4452858,0.6074253,-0.05465247,0.655567
Right:0.179692,1.41563,-0.3371019|-0.485198,-0.1196844,0.08567972,0.8619267
Head:0.003661621,1.572273,-0.2189438|0.1148197,0.1897223,-0.07531296,0.9721882
Left:0.05437589,1.510591,0.3999823|-0.4511629,0.6099622,-0.03581729,0.6504731
Right:0.1810337,1.416705,-0.3348092|-0.4867776,-0.1274016,0.08447477,0.8600467
Head:0.003370721,1.573433,-0.223186|0.1146963,0.1873555,-0.07495452,0.9726893
Left:0.05179083,1.510401,0.387155|-0.4557705,0.6127223,-0.01655539,0.6454228
Right:0.1823868,1.417702,-0.3324273|-0.4887067,-0.1348447,0.08304434,0.8579547
Head:0.003010828,1.574578,-0.2275022|0.1147551,0.1847679,-0.07366519,0.9732757
Left:0.04945242,1.510055,0.3737147|-0.458507,0.6152773,0.001113787,0.6412519
Right:0.1837463,1.418892,-0.3299935|-0.4911719,-0.1419912,0.08187547,0.8555028
Head:0.002591498,1.575684,-0.2317673|0.1150518,0.182044,-0.07201765,0.9738771
Left:0.04700613,1.509027,0.3600709|-0.4597777,0.618107,0.01663362,0.6373943
Right:0.1852344,1.420171,-0.3276112|-0.4936323,-0.1489422,0.08019583,0.8530604
Head:0.001986317,1.576854,-0.2363097|0.11521,0.1796722,-0.07060153,0.9744024
Left:0.0445956,1.508217,0.3473488|-0.4612322,0.6212692,0.03119452,0.6327056
Right:0.1864475,1.421675,-0.3253483|-0.4966327,-0.1559599,0.07748691,0.8503107
Head:0.001833867,1.57802,-0.2406739|0.1158117,0.1769541,-0.06964074,0.9748974
Left:0.04234207,1.506878,0.3330256|-0.4598182,0.6256647,0.04309973,0.6286917
Right:0.1878517,1.423199,-0.3229867|-0.4997844,-0.1623139,0.07394505,0.8475859
Head:0.001425486,1.578968,-0.2454484|0.1162567,0.1738818,-0.06842198,0.9754835
Left:0.03923488,1.50556,0.3189195|-0.4600657,0.6283312,0.05831186,0.6246113
Right:0.1896104,1.424921,-0.3207085|-0.5030348,-0.1691955,0.06918011,0.8447148
Head:0.0009197667,1.580083,-0.2501702|0.1163985,0.1709967,-0.06759202,0.9760343
Left:0.03622735,1.504739,0.3046833|-0.4617734,0.6294141,0.0728012,0.620728
Right:0.1909019,1.426562,-0.3184253|-0.5061705,-0.1761145,0.06456204,0.8417879
Head:0.0006027576,1.581055,-0.2549445|0.116174,0.1680736,-0.06741109,0.9765811
Left:0.03297114,1.504197,0.2901027|-0.4653163,0.6291173,0.08807181,0.6163893
Right:0.1919552,1.428267,-0.3159206|-0.5091058,-0.1838961,0.05919838,0.8387426
Head:0.0003396347,1.582009,-0.2598173|0.1159505,0.165538,-0.06727241,0.9770502
Left:0.02901876,1.503405,0.2751871|-0.469075,0.6282234,0.1037398,0.6119984
Right:0.1932644,1.429832,-0.3137474|-0.5116732,-0.191891,0.05508463,0.8356639
Head:7.890351E-05,1.582941,-0.2647033|0.1160271,0.1629755,-0.06663966,0.9775152
Left:0.02543867,1.50271,0.2607934|-0.4715519,0.6278309,0.1195053,0.6076065
Right:0.1940569,1.431297,-0.3111007|-0.5138619,-0.2000048,0.05223854,0.8325955
Head:-0.0001583062,1.583822,-0.2695442|0.1164941,0.1603176,-0.06548265,0.9779772
Left:0.0217309,1.502181,0.2464222|-0.4715058,0.6264459,0.138679,0.6049925
Right:0.1946057,1.432872,-0.3084146|-0.516087,-0.207591,0.0506905,0.829452
Head:-0.0003959797,1.584588,-0.2745083|0.1169437,0.1574796,-0.06403238,0.9784806
Left:0.01782763,1.501364,0.2323447|-0.4709281,0.623467,0.1598773,0.6032867
Right:0.1949339,1.434467,-0.3058622|-0.5187454,-0.2148518,0.04986554,0.8259875
Head:-0.0005735047,1.585351,-0.2793434|0.1177223,0.1543577,-0.06319974,0.9789387
Left:0.01379037,1.500574,0.2184682|-0.4693031,0.621446,0.179964,0.6009763
Right:0.1954134,1.435979,-0.3032953|-0.5215529,-0.2222602,0.04888371,0.8223098
Head:-0.0006810762,1.586166,-0.2841834|0.1185212,0.1509677,-0.06264742,0.9794064
Left:0.009680629,1.499493,0.2044303|-0.4649501,0.6208223,0.1990459,0.5989839
Right:0.1955193,1.437622,-0.3005862|-0.524423,-0.2294084,0.04876736,0.8185195
Head:-0.0008823909,1.586836,-0.2891849|0.1188427,0.1473572,-0.0623446,0.9799365
Left:0.006084919,1.498611,0.1904805|-0.4625723,0.6208301,0.2142228,0.5955715
Right:0.1956441,1.439319,-0.2980747|-0.5272636,-0.2361232,0.04797573,0.8148235
Head:-0.001066849,1.587462,-0.2940069|0.1189849,0.1442455,-0.06275474,0.9803559
Left:0.002615452,1.497109,0.1760646|-0.4596832,0.6224143,0.2240859,0.5925178
Right:0.1955345,1.441154,-0.2955381|-0.5303411,-0.2430292,0.04587335,0.8109074
Head:-0.001208197,1.58806,-0.2990081|0.1190148,0.1413645,-0.06321457,0.9807423
Left:-0.0005809069,1.4956,0.1610436|-0.4593167,0.6242071,0.2296738,0.5887645
Right:0.195544,1.442866,-0.2929565|-0.5334768,-0.2501189,0.04267357,0.8068594
Head:-0.001300197,1.588548,-0.3038483|0.1190855,0.1390734,-0.06339507,0.9810496
Left:-0.004173875,1.493862,0.146033|-0.4620971,0.6241517,0.2327975,0.5854111
Right:0.1954956,1.444636,-0.2905296|-0.5365024,-0.2567244,0.03671101,0.8030629
Head:-0.001256749,1.58896,-0.3086857|0.1196276,0.1367601,-0.06288823,0.9813414
Left:-0.006920934,1.492334,0.1311849|-0.4649038,0.6231214,0.2355873,0.5831662
Right:0.1953418,1.446494,-0.2879487|-0.5394831,-0.2624226,0.02936977,0.7995185
Head:-0.001179472,1.589346,-0.313422|0.1204532,0.1345265,-0.0611809,0.981657
Left:-0.009498596,1.491189,0.115832|-0.467938,0.6204007,0.239023,0.5822414
Right:0.1950788,1.448379,-0.2853909|-0.5424186,-0.2678494,0.02197181,0.7959624
Head:-0.0011844,1.589626,-0.3181894|0.1209651,0.1317289,-0.05909111,0.9821014
Left:-0.01270676,1.489995,0.1008718|-0.4697106,0.6175113,0.244738,0.5815111
Right:0.1944841,1.450193,-0.2829963|-0.5450485,-0.2735389,0.01645189,0.792356
Head:-0.001276143,1.589864,-0.322728|0.1214171,0.1287345,-0.05741814,0.9825419
Left:-0.01577532,1.489213,0.08584464|-0.4689291,0.6148399,0.2527282,0.5815547
Right:0.193562,1.451954,-0.2809356|-0.5480829,-0.2792471,0.01343439,0.7883183
Head:-0.001479127,1.589959,-0.327438|0.1214509,0.1254597,-0.05606718,0.9830392
Left:-0.01902378,1.488439,0.07095015|-0.4672733,0.6140587,0.2624561,0.5794001
Right:0.1925273,1.453693,-0.2787826|-0.5510378,-0.2852192,0.01131968,0.7841423
Head:-0.001523938,1.590048,-0.3319863|0.1215045,0.1222413,-0.05518268,0.983488
Left:-0.02248228,1.487727,0.05586791|-0.4651042,0.6157454,0.2727613,0.5745754
Right:0.1908325,1.455282,-0.276924|-0.5536901,-0.2921052,0.01085294,0.7797334
Head:-0.00149823,1.590009,-0.3361935|0.1219882,0.1194009,-0.05467631,0.9838053
Left:-0.02597201,1.487078,0.04094326|-0.4620387,0.617584,0.2829257,0.5701433
Right:0.1885747,1.456643,-0.2753612|-0.5559682,-0.2995234,0.01078925,0.7752863
Head:-0.001496706,1.589854,-0.3405488|0.1223316,0.1166559,-0.05402398,0.9841279
Left:-0.02956235,1.486676,0.02633917|-0.4577777,0.6202543,0.292867,0.5656439
Right:0.1867859,1.458151,-0.2736667|-0.5581712,-0.3061092,0.008916776,0.7711437
Head:-0.00144694,1.589699,-0.3448734|0.1228636,0.1139061,-0.05311707,0.9844331
Left:-0.03310144,1.486057,0.01172113|-0.4564349,0.6199067,0.3006253,0.563034
Right:0.1847048,1.459603,-0.2720129|-0.5601269,-0.3127784,0.006535323,0.7670624
Head:-0.001221515,1.589287,-0.3489701|0.1237186,0.1111913,-0.05212687,0.9846893
Left:-0.03661239,1.485649,-0.003060937|-0.455778,0.6191034,0.3080018,0.5604573
Right:0.1823089,1.461068,-0.2709028|-0.5617809,-0.3191477,0.001824941,0.7632455
Head:-0.001100905,1.588835,-0.3529938|0.1243546,0.1085877,-0.05111841,0.9849526
Left:-0.04042637,1.485339,-0.01674402|-0.4596035,0.6147562,0.3139068,0.5588399
Right:0.1802286,1.462497,-0.2698461|-0.563816,-0.3249631,-0.002336937,0.7592793
Head:-0.0009711757,1.588408,-0.3568764|0.1251265,0.1055945,-0.04991374,0.985242
Left:-0.04405463,1.484917,-0.03054833|-0.4624457,0.6107748,0.3207182,0.5569901
Right:0.1777372,1.463912,-0.2691878|-0.5663902,-0.3299244,-0.007002305,0.7551841
Head:-0.0006669201,1.587775,-0.3605046|0.1257792,0.1028105,-0.0492848,0.985485
Left:-0.04812133,1.484723,-0.04400063|-0.4654406,0.6061892,0.3273814,0.5556268
Right:0.1753799,1.465417,-0.2689482|-0.56971,-0.3343995,-0.01151997,0.7506496
Head:-0.0002528541,1.587218,-0.3640079|0.1261198,0.09968212,-0.0490823,0.9857729
Left:-0.05166793,1.484138,-0.05688345|-0.4675661,0.6019242,0.3337874,0.5546669
Right:0.1733959,1.466937,-0.2683755|-0.5730891,-0.3388665,-0.0158041,0.7459818
Head:3.655255E-05,1.586568,-0.3674766|0.1262236,0.09673021,-0.04874748,0.9860703
Left:-0.05497134,1.48363,-0.0695194|-0.4690479,0.5985785,0.3403902,0.5530212
Right:0.171967,1.468465,-0.268188|-0.5768889,-0.3426656,-0.02046927,0.7411886
Head:0.0006080531,1.585656,-0.370477|0.1266778,0.093955,-0.04883264,0.9862761
Left:-0.05830145,1.482718,-0.08189094|-0.469869,0.5965825,0.3462525,0.5508373
Right:0.169778,1.469346,-0.2686547|-0.5801595,-0.3463369,-0.02536031,0.736765
Head:0.001048997,1.584875,-0.3736439|0.1269202,0.09086138,-0.04828876,0.9865615
Left:-0.06162465,1.481519,-0.09349358|-0.4691954,0.5959461,0.3507997,0.549221
Right:0.1676178,1.470331,-0.2687117|-0.5829847,-0.3501395,-0.0299792,0.7325521
Head:0.001484949,1.584039,-0.3766888|0.1272583,0.0876376,-0.04732172,0.9868565
Left:-0.06475604,1.480342,-0.1054208|-0.4683496,0.5957206,0.3560456,0.5468063
Right:0.1658654,1.47128,-0.2688286|-0.5854436,-0.3539048,-0.03488638,0.7285534
Head:0.001973324,1.583084,-0.3795784|0.1275002,0.08445627,-0.04632569,0.9871498
Left:-0.06781244,1.479004,-0.1164123|-0.4677102,0.5959789,0.3590253,0.5451213
Right:0.1636266,1.471701,-0.2695658|-0.5868207,-0.357693,-0.04038905,0.7253041
Head:0.002423283,1.582115,-0.3823574|0.1274696,0.08180716,-0.04606756,0.9873889
Left:-0.07015789,1.477385,-0.1267281|-0.4683568,0.5955198,0.3608521,0.5438601
Right:0.1614743,1.471887,-0.269894|-0.5880802,-0.3607119,-0.04500308,0.7225118
Head:0.002950896,1.581168,-0.3851179|0.1274518,0.07966486,-0.04610907,0.9875644
Left:-0.07228589,1.475571,-0.1370599|-0.4695725,0.5947312,0.3630697,0.5421964
Right:0.159233,1.471796,-0.2709525|-0.5897968,-0.3637437,-0.0493579,0.7193011
Head:0.003500935,1.580261,-0.3874487|0.127976,0.07824902,-0.04644063,0.9875943
Left:-0.07368469,1.473648,-0.1449673|-0.4719426,0.5923201,0.3631135,0.5427483
Right:0.1573012,1.471555,-0.271614|-0.5903585,-0.3666274,-0.05329477,0.717092
Head:0.004106455,1.579506,-0.3897805|0.1284638,0.07676143,-0.04671405,0.9876348
Left:-0.07530928,1.471861,-0.1532205|-0.4725877,0.5906528,0.3640672,0.5433648
Right:0.1552787,1.471139,-0.2721773|-0.5914629,-0.3695503,-0.05641719,0.7144377
Head:0.004697692,1.578732,-0.3917757|0.1294096,0.07560796,-0.04680961,0.9875958
Left:-0.07622242,1.469854,-0.1602448|-0.4713315,0.5913695,0.3627006,0.544589
Right:0.153192,1.470402,-0.2731341|-0.5925092,-0.372705,-0.05945395,0.7116805
Head:0.0052411,1.57809,-0.3938428|0.1301513,0.07453981,-0.04647996,0.9875951
Left:-0.07719719,1.468143,-0.1674229|-0.47026,0.5927486,0.3608923,0.5452168
Right:0.1515201,1.469699,-0.2738572|-0.5927241,-0.3752587,-0.06255803,0.7098913
Head:0.005860627,1.577667,-0.3955961|0.1309011,0.07338452,-0.04600166,0.9876049
Left:-0.07711339,1.466523,-0.1727295|-0.4697181,0.5964596,0.3540444,0.5461259
Right:0.1498063,1.468956,-0.2744483|-0.5927677,-0.377696,-0.06562702,0.7082834
Head:0.006401457,1.577285,-0.3970708|0.1316843,0.07224902,-0.04562367,0.9876021
Left:-0.07768178,1.46494,-0.1787575|-0.4696791,0.5988952,0.3495357,0.5463981
Right:0.1484509,1.468016,-0.2749063|-0.5919225,-0.3798258,-0.06842363,0.7075864
Head:0.006820176,1.577075,-0.3984001|0.1321262,0.07136235,-0.04530462,0.9876222
Left:-0.07795382,1.463986,-0.1832203|-0.4700267,0.6017689,0.3433352,0.546873
Right:0.1473615,1.466965,-0.2752045|-0.5908501,-0.3816543,-0.07056545,0.7072883
Head:0.007321708,1.576946,-0.3997438|0.132389,0.07028428,-0.04536165,0.9876617
Left:-0.07821655,1.463356,-0.1869699|-0.4714991,0.6030917,0.3387772,0.5469909
Right:0.1461109,1.465883,-0.275405|-0.5899942,-0.3831282,-0.07186575,0.7070749
Head:0.007711183,1.576861,-0.4010078|0.1325858,0.06948819,-0.04549501,0.9876855
Left:-0.07888424,1.463014,-0.1899348|-0.4737805,0.6026601,0.3367353,0.546756
Right:0.1452975,1.465005,-0.2758939|-0.5895191,-0.3847331,-0.07356431,0.7064248
Head:0.007859312,1.576944,-0.4020591|0.1327779,0.0691642,-0.045724,0.9876719
Left:-0.08013916,1.463337,-0.1931988|-0.4759999,0.6014326,0.3349795,0.5472584
Right:0.1448097,1.464389,-0.2764064|-0.5891658,-0.3855874,-0.07533692,0.7060668
Head:0.008260876,1.577093,-0.402888|0.132956,0.06881382,-0.04617398,0.9876515
Left:-0.08107376,1.463764,-0.1941286|-0.4787262,0.5975188,0.3356082,0.5487801
Right:0.1442274,1.463696,-0.2766818|-0.5892145,-0.3863774,-0.07771751,0.705336
Head:0.008495755,1.577121,-0.403824|0.1331034,0.06831948,-0.0463191,0.9876591
Left:-0.08202481,1.464403,-0.194532|-0.4810669,0.592438,0.3370014,0.5513818
Right:0.1444507,1.463232,-0.2772503|-0.5899009,-0.3860552,-0.08068949,0.7046046
Head:0.008511774,1.577256,-0.404434|0.1331543,0.06798527,-0.04588198,0.9876957
Left:-0.08331466,1.465467,-0.1948625|-0.4825368,0.587706,0.3390223,0.5539168
Right:0.1446295,1.462944,-0.2775987|-0.5900231,-0.3856331,-0.08390809,0.7043574
Head:0.008816466,1.577483,-0.4050516|0.1332273,0.06702542,-0.04554521,0.987767
Left:-0.0844425,1.466001,-0.1948003|-0.4837272,0.5842602,0.3408448,0.5554034
Right:0.1446657,1.462628,-0.2776228|-0.5901259,-0.385139,-0.08639351,0.7042411
Head:0.00871481,1.577676,-0.4058216|0.1327798,0.06623527,-0.04489754,0.9879103
Left:-0.08515573,1.466787,-0.1942222|-0.4847459,0.5832576,0.3430558,0.5542064
Right:0.1450187,1.462316,-0.2781738|-0.5904471,-0.3846837,-0.08784912,0.7040406
Head:0.008673225,1.577768,-0.4062242|0.1324321,0.06538329,-0.04445618,0.9880337
Left:-0.08604145,1.467648,-0.1945598|-0.4862916,0.5837614,0.3434087,0.5520992
Right:0.1452101,1.462272,-0.2783867|-0.5904036,-0.3849131,-0.08814517,0.7039147
Head:0.008995995,1.578143,-0.4064394|0.1322445,0.06429387,-0.04449652,0.9881284
Left:-0.08668041,1.468195,-0.1948284|-0.4879273,0.5839476,0.3429971,0.5507132
Right:0.145276,1.462079,-0.2783798|-0.5902751,-0.3852148,-0.0888823,0.7037647
Head:0.008858401,1.578311,-0.406987|0.1316291,0.06317065,-0.04401857,0.9883044
Left:-0.08659959,1.468843,-0.1951243|-0.4894298,0.5857332,0.3407643,0.5488669
Right:0.1457018,1.462083,-0.2784419|-0.5899624,-0.3855516,-0.08961761,0.7037493
Head:0.00885579,1.578388,-0.4073246|0.1313391,0.06194597,-0.04358987,0.9884396
Left:-0.0867095,1.469654,-0.195287|-0.491899,0.5861763,0.3371122,0.5484415
Right:0.1459134,1.462147,-0.2785308|-0.5894383,-0.3861111,-0.08899047,0.7039613
Head:0.009027414,1.578568,-0.4074797|0.1309843,0.06055783,-0.04339014,0.9885814
Left:-0.08647835,1.470489,-0.195472|-0.4950854,0.5850627,0.3331369,0.549192
Right:0.1461176,1.462139,-0.278525|-0.5893829,-0.3863268,-0.08899187,0.7038891
Head:0.008871071,1.578695,-0.4078955|0.1303679,0.05947731,-0.04296098,0.9887472
Left:-0.08668339,1.47101,-0.1958178|-0.4980131,0.5836211,0.3303,0.549792
Right:0.1463175,1.462127,-0.2787551|-0.5896359,-0.386491,-0.08873641,0.7036193
Head:0.00889533,1.578725,-0.4079435|0.1302054,0.05859845,-0.04286051,0.9888254
Left:-0.08661735,1.472179,-0.1956747|-0.5020906,0.5806187,0.3273542,0.5510229
Right:0.1466113,1.462379,-0.2789649|-0.5898588,-0.3867545,-0.08924131,0.7032237
Head:0.009305965,1.579046,-0.4078006|0.1301843,0.05772597,-0.04296745,0.9888749
Left:-0.08665609,1.473115,-0.1955317|-0.5057852,0.5785436,0.3250035,0.551218
Right:0.1471356,1.462722,-0.2786446|-0.5899549,-0.3865645,-0.08998676,0.7031526
Head:0.009385809,1.579097,-0.4079204|0.1297852,0.05695087,-0.04262441,0.9889871
Left:-0.0863483,1.474219,-0.1955483|-0.5094707,0.5770792,0.3224847,0.5508383
Right:0.1476152,1.462898,-0.2787358|-0.5902113,-0.3864963,-0.09049742,0.7029093
Head:0.009558599,1.579155,-0.4079757|0.1297006,0.05626173,-0.04234165,0.9890499
Left:-0.08616459,1.475239,-0.1958256|-0.5132274,0.5771124,0.3207882,0.548301
Right:0.1482513,1.463029,-0.2787253|-0.5905653,-0.3862409,-0.090726,0.7027228
Head:0.009910639,1.579416,-0.4077848|0.1298585,0.05584184,-0.04255106,0.989044
Left:-0.08598542,1.476148,-0.1961802|-0.5158368,0.57709,0.3200528,0.546302
Right:0.1487819,1.463205,-0.2787431|-0.5909584,-0.3860293,-0.09043184,0.7025466
Head:0.01006031,1.579553,-0.4077726|0.1296234,0.05556235,-0.04237324,0.9890981
Left:-0.08585858,1.477077,-0.1964053|-0.5178446,0.5773097,0.3201379,0.5441161
Right:0.1493676,1.463436,-0.2786547|-0.591161,-0.3857727,-0.09019198,0.7025479
Head:0.01025674,1.579659,-0.4075401|0.1294444,0.05564717,-0.04243515,0.9891142
Left:-0.08555079,1.478078,-0.1967249|-0.5176018,0.5779711,0.3227175,0.5421174
Right:0.1500407,1.463625,-0.2785677|-0.5912375,-0.3849775,-0.08986445,0.7029616
Head:0.01068339,1.579904,-0.4072105|0.1292701,0.055501,-0.04255493,0.98914
Left:-0.08545768,1.478923,-0.1965744|-0.5177946,0.5777637,0.3247302,0.5409512
Right:0.1504972,1.46377,-0.278387|-0.5914951,-0.384272,-0.08963715,0.7031599
Head:0.01077266,1.580106,-0.4071376|0.1289756,0.05536029,-0.04242258,0.989192
Left:-0.0852071,1.479739,-0.1965888|-0.5185156,0.5773547,0.3257857,0.5400619
Right:0.1511025,1.463987,-0.278355|-0.5921331,-0.3834935,-0.08981391,0.7030253
Head:0.01103049,1.580176,-0.4069606|0.1290364,0.05558506,-0.04247768,0.9891691
Left:-0.08513236,1.480595,-0.1966158|-0.5194805,0.5769932,0.3258166,0.539502
Right:0.1514964,1.46435,-0.2784293|-0.5926841,-0.382614,-0.08995444,0.7030223
Head:0.01127485,1.580171,-0.4067923|0.128955,0.05569852,-0.04253828,0.9891707
Left:-0.08525014,1.480965,-0.1966674|-0.5210338,0.5768996,0.3244243,0.5389429
Right:0.1516427,1.464305,-0.2785782|-0.5929781,-0.3819349,-0.08990835,0.7031496
Head:0.01144437,1.580302,-0.4067544|0.1289015,0.05607357,-0.0423191,0.989166
Left:-0.08474076,1.481481,-0.1968716|-0.5228722,0.5771773,0.3217819,0.538449
Right:0.15219,1.464478,-0.278706|-0.5932423,-0.3812256,-0.09003967,0.7032948
Head:0.01165849,1.580367,-0.4064154|0.1291523,0.05654689,-0.04206143,0.9891173
Left:-0.0846951,1.482073,-0.1970352|-0.5251104,0.5772158,0.3191843,0.5377754
Right:0.1522534,1.464721,-0.2788895|-0.5932445,-0.3812909,-0.08959475,0.7033143
Head:0.01189578,1.580431,-0.4062065|0.1293303,0.05692338,-0.04217407,0.9890676
Left:-0.084705,1.482511,-0.1970105|-0.5273194,0.5769957,0.3172145,0.5370153
Right:0.1524179,1.464849,-0.278834|-0.5933337,-0.3811655,-0.08915166,0.7033634
Head:0.01210242,1.580481,-0.4060572|0.1293037,0.05748666,-0.04233921,0.9890315
Left:-0.08480275,1.482665,-0.1973087|-0.5281268,0.5779091,0.3160823,0.5359061
Right:0.152452,1.464818,-0.2791661|-0.5931222,-0.3814597,-0.08832437,0.7034866
Head:0.01236351,1.580528,-0.4058475|0.1295082,0.0579038,-0.04246237,0.9889751
Left:-0.08476388,1.482924,-0.1973654|-0.5267695,0.5801631,0.3160752,0.5348094
Right:0.1524529,1.464913,-0.2792757|-0.5928853,-0.3816648,-0.08759224,0.7036666
