Head:0.8644438,1.512229,0.7752373|0.1861919,-0.7611028,0.1039904,0.6125693
Left:0.7031857,1.238423,0.5751753|-0.524955,-0.1453763,-0.3368913,0.7679794
Right:0.6482086,1.211342,0.7829218|-0.1968112,-0.8386231,-0.5060383,0.04361149
Head:0.5037423,1.237322,0.6189713|0.3987723,-0.6779041,0.02372235,0.6171417
Left:0.318517,1.154132,0.3039738|-0.4072383,-0.1001539,0.03731401,0.9070468
Right:0.4714471,1.045975,0.6664348|-0.03417446,-0.73981,-0.662126,0.1144658
Head:0.4993067,1.244997,0.602061|0.3941089,-0.6867462,0.03476326,0.6097946
Left:0.3598497,1.145519,0.2886225|-0.4428355,-0.08895786,0.05421984,0.8905299
Right:0.472399,1.044077,0.6637087|-0.03019261,-0.7502528,-0.6493987,0.1203767
Head:0.4947982,1.253337,0.5842965|0.3866843,-0.694576,0.04485391,0.605002
Left:0.3971002,1.132618,0.2656107|-0.4685733,-0.09688877,0.06164829,0.8759288
Right:0.4744164,1.042443,0.6582403|-0.02605644,-0.7706406,-0.6259282,0.1168249
Head:0.4899483,1.26207,0.5660739|0.3779728,-0.7009248,0.05362278,0.6024663
Left:0.4278639,1.110896,0.2538497|-0.5097306,-0.1065043,0.06640143,0.8511301
Right:0.4771342,1.040065,0.650892|-0.02389836,-0.7979527,-0.592768,0.1064263
Head:0.4846649,1.271436,0.5471094|0.3678559,-0.7054633,0.06062183,0.6027673
Left:0.4694014,1.09282,0.2335024|-0.5520333,-0.1302547,0.06245075,0.8212143
Right:0.4805886,1.037071,0.6426847|-0.02623915,-0.8259141,-0.5560514,0.0893548
Head:0.4801435,1.280921,0.5264268|0.353505,-0.7100567,0.06609152,0.6053805
Left:0.507756,1.077264,0.2109292|-0.5961821,-0.1617998,0.06850978,0.7833863
Right:0.4839592,1.034386,0.6347544|-0.02791076,-0.8494948,-0.5226834,0.06619471
Head:0.4760105,1.289966,0.5053186|0.3391391,-0.7152002,0.07047037,0.6070481
Left:0.542669,1.055991,0.1976376|-0.6417009,-0.2016595,0.07247373,0.736411
Right:0.4857007,1.032645,0.6273849|-0.03007417,-0.8673611,-0.4941392,0.05105736
Head:0.472986,1.299097,0.4819722|0.3239191,-0.720384,0.06864179,0.6094355
Left:0.5831068,1.039228,0.1821823|-0.6763843,-0.2396713,0.07479282,0.6924363
Right:0.4855697,1.031125,0.6203485|-0.02591717,-0.8814156,-0.4697658,0.04189182
Head:0.4715942,1.307531,0.4575956|0.3088835,-0.7276234,0.06256101,0.6092957
Left:0.6228445,1.026037,0.1682345|-0.7014494,-0.2839916,0.06974029,0.6499645
Right:0.4790662,1.032506,0.6100256|0.000366211,-0.8885753,-0.4572951,0.03626598
Head:0.4713066,1.315023,0.4330006|0.2913966,-0.7375923,0.05428343,0.6067116
Left:0.6633967,1.01134,0.1628026|-0.7203148,-0.3229851,0.06036175,0.6108877
Right:0.4631752,1.036499,0.594758|0.04650687,-0.8867725,-0.4576847,0.04468257
Head:0.4742146,1.320609,0.4078748|0.2686681,-0.7538983,0.0402349,0.5981941
Left:0.7037799,1.000326,0.15768|-0.7215586,-0.3580821,0.04759235,0.5906482
Right:0.4439801,1.040959,0.5761888|0.08411902,-0.8847611,-0.4551507,0.05440297
Head:0.4787121,1.324576,0.3832469|0.2455168,-0.77312,0.02791476,0.584147
Left:0.7410927,0.9911398,0.156239|-0.7090293,-0.3924229,0.02598958,0.5853258
Right:0.4088517,1.054521,0.5367944|0.07619847,-0.8858754,-0.4537851,0.05914026
Head:0.4839324,1.328222,0.3592541|0.2253469,-0.7905197,0.02107525,0.5690811
Left:0.7834475,0.9842407,0.1563648|-0.6894066,-0.4405949,-0.01700385,0.5747222
Right:0.3868881,1.066248,0.4985354|0.03979567,-0.8972148,-0.4382159,0.03726725
Head:0.4919501,1.330356,0.3367287|0.2131252,-0.8076192,0.02084742,0.5494491
Left:0.8238513,0.9788785,0.1550732|-0.6689233,-0.5009882,-0.06907875,0.5447757
Right:0.3709633,1.08148,0.4413321|0.02222116,0.9062293,0.4199186,0.0438535
Head:0.5005021,1.332697,0.3153915|0.2071698,-0.8225478,0.02371591,0.5290872
Left:0.8658131,0.9708128,0.1534065|-0.6533664,-0.5564741,-0.1089604,0.5015741
Right:0.3602515,1.096943,0.3840802|0.04692378,0.8920348,0.4203234,0.1593748
Head:0.5116106,1.334488,0.2952549|0.2023872,-0.8366603,0.03010686,0.5080675
Left:0.916684,0.9635919,0.155117|-0.6461623,-0.612109,-0.1414627,0.4333418
Right:0.3577019,1.102868,0.3206067|0.04690249,0.8677076,0.4270692,0.2499911
Head:0.5234757,1.334926,0.2763147|0.1978761,-0.8511296,0.03602067,0.4848979
Left:0.9650772,0.9549425,0.1610005|-0.648882,-0.652001,-0.1577625,0.3591068
Right:0.339756,1.117483,0.2652128|0.02844684,0.819869,0.472207,0.3225307
Head:0.5347388,1.333963,0.259366|0.195336,-0.8674541,0.04181938,0.4556517
Left:1.010604,0.9460748,0.1683221|-0.6466678,-0.6813703,-0.1759788,0.2942562
Right:0.3193443,1.126238,0.2141502|0.002620961,0.7972445,0.4860853,0.357932
Head:0.5467507,1.33295,0.2458798|0.1964382,-0.8859532,0.05802117,0.416092
Left:1.057461,0.9376516,0.1866056|-0.6435015,-0.7025751,-0.1912117,0.2360766
Right:0.2919143,1.134746,0.1574904|-0.02179066,0.7890204,0.4908597,0.3688208
Head:0.5572399,1.331542,0.2373183|0.1940776,-0.9058489,0.0868682,0.3663682
Left:1.092729,0.9317145,0.2086985|-0.6166127,-0.7347951,-0.2002446,0.1994171
Right:0.2615997,1.139086,0.1070158|-0.0138457,0.7869009,0.4931776,0.370636
Head:0.5647483,1.329031,0.232263|0.1835712,-0.9263465,0.1179302,0.3070443
Left:1.117576,0.9269063,0.2301563|-0.5716965,-0.7764587,-0.1908467,0.183991
Right:0.2286141,1.138481,0.06480193|-0.001708984,0.7907481,0.4987364,0.3549318
Head:0.570471,1.325719,0.2308962|0.1648416,-0.9441168,0.1476706,0.2442623
Left:1.131322,0.9223059,0.2524157|-0.5088567,-0.8252383,-0.1638609,0.1821984
Right:0.1920441,1.137515,0.03847444|0.06784629,0.836862,0.4830923,0.2483563
Head:0.5694784,1.321819,0.2277923|0.1363675,-0.9575211,0.1566809,0.2000208
Left:1.145855,0.9206353,0.2734712|-0.4517119,-0.8633552,-0.1349795,0.1798745
Right:0.173788,1.136446,0.008180022|0.141584,0.8526765,0.4574525,0.2088877
Head:0.5720178,1.319789,0.2171576|0.1298203,-0.9496788,0.129591,0.2538958
Left:1.148654,0.919468,0.2916255|-0.4082286,-0.8866583,-0.08542734,0.1997219
Right:0.1656899,1.135014,-0.008883119|0.1717478,0.8634166,0.4224035,0.2158468
Head:0.5655646,1.323854,0.2126763|0.2084169,-0.9381138,0.1140755,0.2519756
Left:1.148339,0.9208097,0.3172382|-0.4261492,-0.8826898,-0.02405869,0.1966639
Right:0.1968856,1.145951,0.009551764|0.0213466,0.8338872,0.4863231,0.2601277
Head:0.5619513,1.3238,0.2082493|0.2250752,-0.9288889,0.1025752,0.2756537
Left:1.15485,0.9209888,0.3231244|-0.4512169,-0.8775256,-0.01487906,0.1616498
Right:0.21226,1.150749,0.01867342|-0.006878854,0.8189857,0.5131472,0.2567003
Head:0.5565102,1.325237,0.2049375|0.2318343,-0.9239555,0.111588,0.2830321
Left:1.163815,0.9191074,0.3293993|-0.4599167,-0.8790091,-0.009114493,0.1254455
Right:0.2266079,1.151346,0.02717054|-0.02992628,0.8083324,0.5221235,0.2703522
Head:0.5530608,1.326381,0.2037674|0.224635,-0.9227894,0.1190853,0.2895126
Left:1.171777,0.9153304,0.3307859|-0.4615024,-0.8828646,-0.01274335,0.08604269
Right:0.2405492,1.147235,0.04503572|-0.03350402,0.8085924,0.506577,0.2973813
Head:0.5501632,1.326564,0.2015163|0.2112641,-0.9238458,0.1277305,0.2925088
Left:1.178435,0.9096706,0.3308161|-0.4523425,-0.8898966,-0.01181752,0.05771073
Right:0.2514238,1.140403,0.05694592|-0.03247621,0.809563,0.4992769,0.3070432
Head:0.5459691,1.32739,0.2001255|0.197293,-0.9251665,0.1402488,0.2923571
Left:1.182982,0.9032136,0.3287413|-0.4339871,-0.899875,-0.006657031,0.04284755
Right:0.2619857,1.132512,0.06748414|-0.02298685,0.8161858,0.4884835,0.3077275
Head:0.5419705,1.328281,0.1991858|0.190022,-0.9241619,0.1477246,0.2966375
Left:1.186782,0.8978074,0.3269546|-0.4162861,-0.9085817,0.00266326,0.03432238
Right:0.2695518,1.117674,0.08053613|0.001081546,0.8279089,0.4807252,0.28891
Head:0.5361535,1.331298,0.1984972|0.1877864,-0.9211349,0.1515339,0.3054248
Left:1.185236,0.8918657,0.3197377|-0.4041839,-0.9134831,0.02080108,0.0418484
Right:0.2724712,1.1088,0.09212148|-0.002260774,0.8335775,0.4790993,0.2749677
Head:0.529371,1.335279,0.1984739|0.1957269,-0.915444,0.1512918,0.3174335
Left:1.180382,0.8854666,0.309562|-0.4128559,-0.90816,0.04367798,0.05373646
Right:0.2726032,1.098545,0.1081907|-0.01269003,0.8351672,0.4894051,0.2506339
Head:0.52215,1.340077,0.1989834|0.2071642,-0.9092703,0.1471553,0.3296299
Left:1.174518,0.8787476,0.2960017|-0.4375266,-0.8954549,0.0569493,0.05905819
Right:0.2719368,1.089824,0.1264451|-0.0342361,0.8326858,0.5025159,0.2300873
Head:0.5151343,1.345148,0.1990792|0.2111086,-0.9055206,0.143957,0.3387358
Left:1.16907,0.8710759,0.2786462|-0.4593872,-0.8844497,0.06007162,0.05570996
Right:0.2714226,1.080378,0.1438715|-0.05418946,0.8329492,0.5091888,0.2097284
